PORO
  0.0001     
  0.0001     
  0.0001     
  0.0001     
  0.0001     
  0.0001     
  0.0001     
  0.0001     
  0.0001     
  0.0001     
  0.0001     
  0.0001     
  0.0001     
  0.0001     
  0.0001     
  0.0001     
  0.0001     
  0.0001     
  0.0001     
  0.0001     
  0.0001     
  0.0001     
  0.0001     
  0.0001     
  0.0001     
  0.0001     
  0.0001     
  0.0001     
  0.0001     
  0.0001     
  0.0001     
  0.0001     
  0.0001     
  0.0001     
  0.0001     
  0.246000000000000     
  0.209000000000000     
  0.198000000000000     
  1.201000000000002E-002
  0.0001     
  0.0001     
  0.0001     
  0.0001     
  0.0001     
  0.0001     
  0.0001     
  0.0001     
  0.0001     
  0.0001     
  0.0001     
  0.0001     
  0.0001     
  0.0001     
  0.0001     
  0.298000000000000     
  0.269000000000000     
  0.197000000000000     
  0.136000000000000     
  0.121000000000000     
  2.900000000000000E-002
  0.0001     
  0.0001     
  0.0001     
  0.0001     
  0.0001     
  0.0001     
  0.0001     
  0.0001     
  0.0001     
  0.0001     
  0.0001     
  1.599999999999999E-002
  0.142000000000000     
  0.279000000000000     
  0.293000000000000     
  0.264000000000000     
  0.262000000000000     
  0.168000000000000     
  0.101000000000000     
  1.000000000000000E-002
  0.0001     
  0.0001     
  0.0001     
  0.0001     
  0.0001     
  0.0001     
  0.0001     
  0.0001     
  0.0001     
  0.0001     
  0.113000000000000     
  2.199999999999999E-002
  0.142000000000000     
  0.189000000000000     
  0.285000000000000     
  0.290000000000000     
  0.229000000000000     
  0.231000000000000     
  6.100000000000000E-002
  1.000000000000000E-002
  0.0001     
  0.0001     
  0.0001     
  0.0001     
  0.0001     
  0.0001     
  0.0001     
  0.0001     
  0.0001     
  0.132000000000000     
  0.127000000000000     
  0.126000000000000     
  0.101000000000000     
  0.148000000000000     
  0.182000000000000     
  0.294000000000000     
  0.294000000000000     
  0.224000000000000     
  8.799999999999999E-002
  1.000000000000000E-002
  0.0001     
  0.0001     
  0.0001     
  0.0001     
  0.0001     
  0.0001     
  0.0001     
  0.0001     
  0.176000000000000     
  0.154000000000000     
  0.195000000000000     
  0.148000000000000     
  0.106000000000000     
  0.116000000000000     
  0.153000000000000     
  0.276000000000000     
  0.296000000000000     
  0.289000000000000     
  0.255000000000000     
  1.000000000000000E-002
  0.0001     
  0.0001     
  0.0001     
  0.0001     
  0.0001     
  0.0001     
  0.0001     
  0.198000000000000     
  0.219000000000000     
  0.254000000000000     
  0.260000000000000     
  9.200000000000000E-002
  7.400000000000000E-002
  9.100000000000000E-002
  0.115000000000000     
  0.197000000000000     
  0.285000000000000     
  0.285000000000000     
  0.231000000000000     
  0.141000000000000     
  0.0001     
  0.0001     
  0.0001     
  0.0001     
  0.0001     
  0.0001     
  0.285000000000000     
  0.281000000000000     
  0.190000000000000     
  0.230000000000000     
  0.188000000000000     
  0.208000000000000     
  8.799999999999999E-002
  5.199999999999999E-002
  8.500000000000001E-002
  0.147000000000000     
  0.281000000000000     
  0.293000000000000     
  0.246000000000000     
  0.105000000000000     
  0.0001     
  0.0001     
  0.0001     
  0.0001     
  0.0001     
  0.0001     
  0.294000000000000     
  0.249000000000000     
  0.270000000000000     
  0.238000000000000     
  0.174000000000000     
  0.202000000000000     
  9.400000000000000E-002
  2.600000000000000E-002
  4.400000000000000E-002
  9.700000000000000E-002
  0.196000000000000     
  0.296000000000000     
  0.286000000000000     
  0.144000000000000     
  0.0001     
  0.0001     
  0.0001     
  0.0001     
  0.0001     
  0.204000000000000     
  0.274000000000000     
  0.288000000000000     
  0.200000000000000     
  0.201000000000000     
  0.189000000000000     
  0.251000000000000     
  0.187000000000000     
  7.000000000000001E-002
  2.499999999999999E-002
  6.000000000000000E-002
  0.192000000000000     
  0.272000000000000     
  0.285000000000000     
  0.271000000000000     
  0.0001     
  0.0001     
  0.0001     
  0.0001     
  0.0001     
  0.242000000000000     
  0.141000000000000     
  0.290000000000000     
  0.285000000000000     
  0.195000000000000     
  0.162000000000000     
  0.166000000000000     
  0.211000000000000     
  0.194000000000000     
  7.900000000000000E-002
  6.500000000000000E-002
  0.149000000000000     
  0.235000000000000     
  0.285000000000000     
  0.281000000000000     
  0.0001     
  0.0001     
  0.0001     
  0.0001     
  0.0001     
  0.123000000000000     
  0.171000000000000     
  0.290000000000000     
  0.275000000000000     
  0.258000000000000     
  0.129000000000000     
  0.150000000000000     
  0.144000000000000     
  0.204000000000000     
  0.148000000000000     
  7.500000000000000E-002
  6.700000000000000E-002
  0.179000000000000     
  0.195000000000000     
  0.269000000000000     
  0.0001     
  0.0001     
  0.0001     
  0.0001     
  0.190000000000000     
  0.183000000000000     
  0.136000000000000     
  0.186000000000000     
  0.283000000000000     
  0.266000000000000     
  0.159000000000000     
  8.000000000000000E-002
  0.179000000000000     
  0.199000000000000     
  0.165000000000000     
  0.138000000000000     
  0.137000000000000     
  0.190000000000000     
  0.243000000000000     
  0.269000000000000     
  0.0001     
  0.0001     
  0.0001     
  0.0001     
  0.143000000000000     
  0.141000000000000     
  0.163000000000000     
  0.149000000000000     
  0.281000000000000     
  0.288000000000000     
  0.269000000000000     
  0.140000000000000     
  5.499999999999999E-002
  0.151000000000000     
  0.130000000000000     
  0.118000000000000     
  0.117000000000000     
  0.180000000000000     
  0.208000000000000     
  0.187000000000000     
  0.0001     
  0.0001     
  0.0001     
  1.201000000000002E-002
  5.000000000000000E-002
  0.172000000000000     
  0.184000000000000     
  0.137000000000000     
  0.244000000000000     
  0.270000000000000     
  0.288000000000000     
  0.232000000000000     
  0.175000000000000     
  7.900000000000000E-002
  0.167000000000000     
  6.500000000000000E-002
  8.900000000000000E-002
  0.144000000000000     
  0.184000000000000     
  0.224000000000000     
  0.0001     
  0.0001     
  1.201000000000002E-002
  2.199999999999999E-002
  3.400000000000000E-002
  6.800000000000000E-002
  0.117000000000000     
  0.174000000000000     
  0.213000000000000     
  0.282000000000000     
  0.293000000000000     
  0.273000000000000     
  0.182000000000000     
  0.151000000000000     
  0.156000000000000     
  0.148000000000000     
  6.300000000000000E-002
  0.130000000000000     
  0.137000000000000     
  0.240000000000000     
  0.0001     
  0.0001     
  1.201000000000002E-002
  1.900000000000000E-002
  1.800000000000000E-002
  0.116000000000000     
  0.109000000000000     
  5.599999999999999E-002
  0.179000000000000     
  0.219000000000000     
  0.223000000000000     
  0.289000000000000     
  0.267000000000000     
  0.265000000000000     
  0.177000000000000     
  0.153000000000000     
  6.200000000000000E-002
  9.100000000000000E-002
  0.173000000000000     
  0.221000000000000     
  0.0001     
  0.0001     
  1.800000000000000E-002
  1.201000000000002E-002
  2.199999999999999E-002
  2.199999999999999E-002
  8.799999999999999E-002
  1.201000000000002E-002
  8.300000000000000E-002
  0.208000000000000     
  0.257000000000000     
  0.263000000000000     
  0.293000000000000     
  0.264000000000000     
  0.275000000000000     
  0.168000000000000     
  9.900000000000000E-002
  0.104000000000000     
  0.129000000000000     
  0.237000000000000     
  0.0001     
  0.0001     
  5.599999999999999E-002
  1.599999999999999E-002
  1.800000000000000E-002
  1.300000000000001E-002
  2.199999999999999E-002
  0.109000000000000     
  2.900000000000000E-002
  0.107000000000000     
  7.500000000000000E-002
  0.273000000000000     
  0.293000000000000     
  0.291000000000000     
  0.295000000000000     
  0.228000000000000     
  0.178000000000000     
  0.140000000000000     
  0.141000000000000     
  0.175000000000000     
  0.0001     
  0.0001     
  4.000000000000001E-002
  6.600000000000000E-002
  2.499999999999999E-002
  8.400000000000001E-002
  2.100000000000000E-002
  7.800000000000000E-002
  6.600000000000000E-002
  6.400000000000000E-002
  7.800000000000000E-002
  0.145000000000000     
  0.233000000000000     
  0.298000000000000     
  0.292000000000000     
  0.285000000000000     
  0.270000000000000     
  0.158000000000000     
  0.143000000000000     
  0.147000000000000     
  0.0001     
  0.0001     
  2.199999999999999E-002
  5.099999999999999E-002
  6.900000000000001E-002
  4.500000000000000E-002
  8.799999999999999E-002
  2.800000000000000E-002
  0.104000000000000     
  1.800000000000000E-002
  0.132000000000000     
  4.800000000000000E-002
  0.196000000000000     
  0.287000000000000     
  0.296000000000000     
  0.299000000000000     
  0.289000000000000     
  0.281000000000000     
  0.239000000000000     
  0.199000000000000     
  0.0001     
  0.0001     
  1.499999999999999E-002
  6.200000000000000E-002
  8.599999999999999E-002
  0.123000000000000     
  0.149000000000000     
  6.600000000000000E-002
  7.700000000000000E-002
  6.400000000000000E-002
  8.300000000000000E-002
  3.800000000000001E-002
  7.600000000000000E-002
  0.284000000000000     
  0.292000000000000     
  0.298000000000000     
  0.299000000000000     
  0.278000000000000     
  0.272000000000000     
  0.219000000000000     
  0.0001     
  2.800000000000000E-002
  3.200000000000000E-002
  1.900000000000000E-002
  0.144000000000000     
  3.300000000000000E-002
  0.182000000000000     
  0.140000000000000     
  6.900000000000001E-002
  3.100000000000000E-002
  7.400000000000000E-002
  7.900000000000000E-002
  0.104000000000000     
  0.231000000000000     
  0.295000000000000     
  0.298000000000000     
  0.298000000000000     
  0.293000000000000     
  0.242000000000000     
  1.000000000000000E-002
  0.0001     
  0.105000000000000     
  3.300000000000000E-002
  1.599999999999999E-002
  0.123000000000000     
  9.300000000000000E-002
  0.156000000000000     
  0.194000000000000     
  3.500000000000000E-002
  3.700000000000001E-002
  1.599999999999999E-002
  8.300000000000000E-002
  6.300000000000000E-002
  9.600000000000000E-002
  0.294000000000000     
  0.295000000000000     
  0.297000000000000     
  0.283000000000000     
  0.203000000000000     
  1.000000000000000E-002
  0.0001     
  5.499999999999999E-002
  3.200000000000000E-002
  1.599999999999999E-002
  1.499999999999999E-002
  8.100000000000000E-002
  0.165000000000000     
  0.124000000000000     
  0.105000000000000     
  5.099999999999999E-002
  2.700000000000000E-002
  2.199999999999999E-002
  7.099999999999999E-002
  0.150000000000000     
  0.234000000000000     
  0.280000000000000     
  0.298000000000000     
  0.265000000000000     
  1.000000000000000E-002
  1.000000000000000E-002
  0.0001     
  0.0001     
  1.400000000000001E-002
  2.900000000000000E-002
  3.200000000000000E-002
  0.100000000000000     
  3.000000000000000E-002
  0.149000000000000     
  0.113000000000000     
  6.300000000000000E-002
  3.900000000000001E-002
  1.800000000000000E-002
  2.800000000000000E-002
  7.199999999999999E-002
  0.240000000000000     
  0.287000000000000     
  1.000000000000000E-002
  1.000000000000000E-002
  1.000000000000000E-002
  1.000000000000000E-002
  0.0001     
  0.0001     
  0.0001     
  7.800000000000000E-002
  3.700000000000001E-002
  2.399999999999999E-002
  2.900000000000000E-002
  6.700000000000000E-002
  0.187000000000000     
  0.190000000000000     
  2.199999999999999E-002
  4.500000000000000E-002
  1.800000000000000E-002
  6.400000000000000E-002
  1.000000000000000E-002
  1.000000000000000E-002
  1.000000000000000E-002
  1.000000000000000E-002
  1.000000000000000E-002
  1.000000000000000E-002
  0.0001     
  0.0001     
  0.0001     
  0.0001     
  9.600000000000000E-002
  2.000000000000000E-002
  1.499999999999999E-002
  1.900000000000000E-002
  0.112000000000000     
  0.146000000000000     
  0.184000000000000     
  1.400000000000001E-002
  1.000000000000000E-002
  1.000000000000000E-002
  1.000000000000000E-002
  1.000000000000000E-002
  1.000000000000000E-002
  1.000000000000000E-002
  1.000000000000000E-002
  1.000000000000000E-002
  0.0001     
  0.0001     
  0.0001     
  0.0001     
  0.0001     
  0.0001     
  1.000000000000000E-002
  1.000000000000000E-002
  1.000000000000000E-002
  1.000000000000000E-002
  1.000000000000000E-002
  1.000000000000000E-002
  1.000000000000000E-002
  1.000000000000000E-002
  1.000000000000000E-002
  1.000000000000000E-002
  1.000000000000000E-002
  1.000000000000000E-002
  1.000000000000000E-002
  1.000000000000000E-002
  0.0001     
  0.0001     
  0.0001     
  0.0001     
  0.0001     
  0.0001     
  0.0001     
  0.0001     
  0.0001     
  0.0001     
  0.0001     
  0.0001     
  0.0001     
  0.0001     
  0.0001     
  0.0001     
  0.0001     
  0.0001     
  0.0001     
  0.0001     
  0.0001     
  0.0001     
  0.0001     
  0.0001     
  0.0001     
  0.0001     
  0.0001     
  0.0001     
  0.0001     
  0.0001     
  0.0001     
  0.0001     
  0.0001     
  0.0001     
  0.0001     
  0.109000000000000     
  0.124000000000000     
  6.000000000000000E-002
  3.400000000000000E-002
  0.0001     
  0.0001     
  0.0001     
  0.0001     
  0.0001     
  0.0001     
  0.0001     
  0.0001     
  0.0001     
  0.0001     
  0.0001     
  0.0001     
  0.0001     
  0.0001     
  0.0001     
  8.100000000000000E-002
  6.000000000000000E-002
  7.700000000000000E-002
  6.700000000000000E-002
  9.400000000000000E-002
  0.124000000000000     
  0.0001     
  0.0001     
  0.0001     
  0.0001     
  0.0001     
  0.0001     
  0.0001     
  0.0001     
  0.0001     
  0.0001     
  0.0001     
  0.109000000000000     
  7.800000000000000E-002
  6.800000000000000E-002
  5.700000000000000E-002
  9.000000000000000E-002
  7.000000000000001E-002
  4.000000000000000E-002
  3.700000000000000E-002
  1.000000000000000E-002
  0.0001     
  0.0001     
  0.0001     
  0.0001     
  0.0001     
  0.0001     
  0.0001     
  0.0001     
  0.0001     
  0.0001     
  0.106000000000000     
  0.150000000000000     
  0.144000000000000     
  0.138000000000000     
  9.400000000000000E-002
  8.900000000000000E-002
  7.199999999999999E-002
  3.300000000000000E-002
  2.700000000000000E-002
  1.000000000000000E-002
  0.0001     
  0.0001     
  0.0001     
  0.0001     
  0.0001     
  0.0001     
  0.0001     
  0.0001     
  0.0001     
  9.500000000000000E-002
  0.141000000000000     
  0.153000000000000     
  0.138000000000000     
  0.126000000000000     
  0.127000000000000     
  0.138000000000000     
  7.500000000000000E-002
  3.500000000000000E-002
  4.300000000000000E-002
  1.000000000000000E-002
  0.0001     
  0.0001     
  0.0001     
  0.0001     
  0.0001     
  0.0001     
  0.0001     
  0.0001     
  0.112000000000000     
  0.114000000000000     
  0.130000000000000     
  0.155000000000000     
  0.157000000000000     
  0.155000000000000     
  0.127000000000000     
  0.128000000000000     
  8.200000000000000E-002
  8.500000000000001E-002
  1.600000000000000E-002
  1.000000000000000E-002
  0.0001     
  0.0001     
  0.0001     
  0.0001     
  0.0001     
  0.0001     
  0.0001     
  0.114000000000000     
  0.126000000000000     
  0.118000000000000     
  0.136000000000000     
  0.145000000000000     
  0.163000000000000     
  0.160000000000000     
  0.151000000000000     
  0.125000000000000     
  7.199999999999999E-002
  5.500000000000000E-002
  3.200000000000000E-002
  5.800000000000000E-002
  0.0001     
  0.0001     
  0.0001     
  0.0001     
  0.0001     
  0.0001     
  0.102000000000000     
  0.153000000000000     
  0.139000000000000     
  0.140000000000000     
  0.138000000000000     
  0.137000000000000     
  0.104000000000000     
  0.133000000000000     
  0.130000000000000     
  0.117000000000000     
  9.000000000000000E-002
  4.100000000000000E-002
  2.700000000000000E-002
  1.600000000000000E-002
  0.0001     
  0.0001     
  0.0001     
  0.0001     
  0.0001     
  0.0001     
  0.103000000000000     
  0.131000000000000     
  0.153000000000000     
  0.106000000000000     
  0.114000000000000     
  5.200000000000000E-002
  8.400000000000001E-002
  0.100000000000000     
  0.158000000000000     
  0.108000000000000     
  7.099999999999999E-002
  4.800000000000000E-002
  4.300000000000000E-002
  1.800000000000000E-002
  0.0001     
  0.0001     
  0.0001     
  0.0001     
  0.0001     
  9.500000000000000E-002
  8.900000000000000E-002
  9.200000000000000E-002
  9.800000000000000E-002
  6.500000000000000E-002
  9.900000000000000E-002
  4.500000000000000E-002
  1.500000000000000E-002
  6.200000000000000E-002
  8.500000000000001E-002
  3.800000000000000E-002
  0.103000000000000     
  6.700000000000000E-002
  3.500000000000000E-002
  4.000000000000000E-002
  0.0001     
  0.0001     
  0.0001     
  0.0001     
  0.0001     
  7.500000000000000E-002
  4.300000000000000E-002
  7.800000000000000E-002
  6.900000000000001E-002
  5.200000000000000E-002
  9.300000000000000E-002
  5.500000000000000E-002
  8.799999999999999E-002
  7.800000000000000E-002
  8.200000000000000E-002
  7.500000000000000E-002
  9.600000000000000E-002
  7.099999999999999E-002
  3.400000000000000E-002
  4.500000000000000E-002
  0.0001     
  0.0001     
  0.0001     
  0.0001     
  0.0001     
  7.600000000000000E-002
  1.200999999999999E-002
  1.200999999999999E-002
  1.300000000000000E-002
  2.100000000000000E-002
  5.600000000000000E-002
  5.100000000000000E-002
  7.000000000000001E-002
  9.400000000000000E-002
  0.133000000000000     
  0.109000000000000     
  0.144000000000000     
  9.200000000000000E-002
  4.100000000000000E-002
  2.299999999999999E-002
  0.0001     
  0.0001     
  0.0001     
  0.0001     
  3.400000000000000E-002
  3.300000000000000E-002
  2.600000000000000E-002
  1.400000000000000E-002
  1.700000000000000E-002
  4.600000000000000E-002
  3.500000000000000E-002
  1.700000000000000E-002
  3.400000000000000E-002
  0.107000000000000     
  0.110000000000000     
  9.100000000000000E-002
  9.000000000000000E-002
  7.099999999999999E-002
  4.100000000000000E-002
  5.100000000000000E-002
  0.0001     
  0.0001     
  0.0001     
  0.0001     
  8.200000000000000E-002
  3.800000000000000E-002
  3.700000000000000E-002
  2.399999999999999E-002
  1.800000000000000E-002
  4.500000000000000E-002
  2.900000000000000E-002
  3.100000000000000E-002
  2.499999999999999E-002
  2.900000000000000E-002
  7.800000000000000E-002
  8.100000000000000E-002
  8.000000000000000E-002
  4.300000000000000E-002
  5.800000000000000E-002
  9.000000000000000E-002
  0.0001     
  0.0001     
  0.0001     
  5.200000000000000E-002
  7.300000000000000E-002
  6.100000000000000E-002
  1.800000000000000E-002
  3.200000000000000E-002
  2.299999999999999E-002
  3.900000000000000E-002
  5.800000000000000E-002
  1.300000000000000E-002
  1.400000000000000E-002
  2.100000000000000E-002
  4.000000000000000E-002
  6.800000000000000E-002
  8.599999999999999E-002
  6.000000000000000E-002
  7.300000000000000E-002
  0.111000000000000     
  0.0001     
  0.0001     
  8.100000000000000E-002
  4.800000000000000E-002
  7.700000000000000E-002
  8.200000000000000E-002
  1.600000000000000E-002
  1.700000000000000E-002
  2.600000000000000E-002
  2.700000000000000E-002
  5.100000000000000E-002
  1.600000000000000E-002
  2.100000000000000E-002
  1.800000000000000E-002
  1.600000000000000E-002
  3.000000000000000E-002
  5.300000000000000E-002
  6.500000000000000E-002
  7.400000000000000E-002
  7.900000000000000E-002
  0.0001     
  0.0001     
  9.300000000000000E-002
  3.100000000000000E-002
  2.299999999999999E-002
  7.199999999999999E-002
  6.200000000000000E-002
  3.900000000000000E-002
  3.600000000000000E-002
  5.900000000000000E-002
  6.100000000000000E-002
  4.500000000000000E-002
  1.900000000000000E-002
  6.200000000000000E-002
  6.500000000000000E-002
  2.100000000000000E-002
  2.800000000000000E-002
  4.500000000000000E-002
  6.600000000000000E-002
  4.300000000000000E-002
  0.0001     
  0.0001     
  5.000000000000000E-002
  4.000000000000000E-002
  1.400000000000000E-002
  5.300000000000000E-002
  7.500000000000000E-002
  8.599999999999999E-002
  9.600000000000000E-002
  2.499999999999999E-002
  5.900000000000000E-002
  8.500000000000001E-002
  3.000000000000000E-002
  2.900000000000000E-002
  6.500000000000000E-002
  3.400000000000000E-002
  2.800000000000000E-002
  3.200000000000000E-002
  3.900000000000000E-002
  4.400000000000000E-002
  0.0001     
  0.0001     
  4.400000000000000E-002
  2.800000000000000E-002
  1.900000000000000E-002
  4.400000000000000E-002
  6.700000000000000E-002
  8.400000000000001E-002
  9.600000000000000E-002
  2.299999999999999E-002
  2.499999999999999E-002
  1.800000000000000E-002
  3.700000000000000E-002
  2.299999999999999E-002
  4.600000000000000E-002
  9.000000000000000E-002
  8.500000000000001E-002
  4.900000000000000E-002
  7.099999999999999E-002
  9.500000000000000E-002
  0.0001     
  0.0001     
  2.299999999999999E-002
  2.000000000000000E-002
  1.700000000000000E-002
  7.099999999999999E-002
  7.000000000000001E-002
  5.600000000000000E-002
  5.600000000000000E-002
  4.800000000000000E-002
  4.600000000000000E-002
  2.299999999999999E-002
  5.000000000000000E-002
  3.900000000000000E-002
  8.699999999999999E-002
  0.119000000000000     
  7.000000000000001E-002
  8.599999999999999E-002
  8.699999999999999E-002
  8.799999999999999E-002
  0.0001     
  0.0001     
  6.100000000000000E-002
  1.800000000000000E-002
  1.600000000000000E-002
  5.600000000000000E-002
  4.400000000000000E-002
  0.109000000000000     
  0.129000000000000     
  9.600000000000000E-002
  2.399999999999999E-002
  1.500000000000000E-002
  2.100000000000000E-002
  6.700000000000000E-002
  0.113000000000000     
  0.114000000000000     
  7.000000000000001E-002
  9.700000000000000E-002
  0.116000000000000     
  0.108000000000000     
  0.0001     
  0.0001     
  0.115000000000000     
  9.600000000000000E-002
  6.900000000000001E-002
  5.500000000000000E-002
  9.300000000000000E-002
  0.134000000000000     
  8.300000000000000E-002
  8.300000000000000E-002
  6.200000000000000E-002
  3.500000000000000E-002
  6.300000000000000E-002
  4.200000000000000E-002
  8.699999999999999E-002
  0.103000000000000     
  0.104000000000000     
  0.100000000000000     
  0.114000000000000     
  4.900000000000000E-002
  0.0001     
  5.300000000000000E-002
  0.109000000000000     
  9.800000000000000E-002
  5.100000000000000E-002
  8.699999999999999E-002
  0.132000000000000     
  0.134000000000000     
  0.110000000000000     
  6.000000000000000E-002
  9.800000000000000E-002
  5.000000000000000E-002
  5.600000000000000E-002
  4.200000000000000E-002
  5.300000000000000E-002
  7.099999999999999E-002
  9.000000000000000E-002
  7.700000000000000E-002
  5.900000000000000E-002
  1.000000000000000E-002
  0.0001     
  8.799999999999999E-002
  4.600000000000000E-002
  4.100000000000000E-002
  9.500000000000000E-002
  0.132000000000000     
  9.700000000000000E-002
  0.134000000000000     
  0.117000000000000     
  8.699999999999999E-002
  6.000000000000000E-002
  8.799999999999999E-002
  7.400000000000000E-002
  4.200000000000000E-002
  7.600000000000000E-002
  7.400000000000000E-002
  8.400000000000001E-002
  7.000000000000001E-002
  4.600000000000000E-002
  1.000000000000000E-002
  0.0001     
  9.500000000000000E-002
  5.400000000000000E-002
  3.200000000000000E-002
  2.900000000000000E-002
  9.700000000000000E-002
  0.108000000000000     
  9.000000000000000E-002
  7.500000000000000E-002
  8.799999999999999E-002
  5.900000000000000E-002
  3.900000000000000E-002
  9.000000000000000E-002
  9.800000000000000E-002
  7.099999999999999E-002
  0.107000000000000     
  8.400000000000001E-002
  9.600000000000000E-002
  1.000000000000000E-002
  1.000000000000000E-002
  0.0001     
  0.0001     
  7.400000000000000E-002
  1.700000000000000E-002
  1.500000000000000E-002
  1.800000000000000E-002
  6.200000000000000E-002
  6.300000000000000E-002
  6.900000000000001E-002
  0.115000000000000     
  8.400000000000001E-002
  5.400000000000000E-002
  0.131000000000000     
  0.114000000000000     
  9.000000000000000E-002
  0.119000000000000     
  1.000000000000000E-002
  1.000000000000000E-002
  1.000000000000000E-002
  1.000000000000000E-002
  0.0001     
  0.0001     
  0.0001     
  3.800000000000000E-002
  4.500000000000000E-002
  5.600000000000000E-002
  0.115000000000000     
  0.137000000000000     
  0.108000000000000     
  9.500000000000000E-002
  6.800000000000000E-002
  0.109000000000000     
  0.135000000000000     
  0.127000000000000     
  1.000000000000000E-002
  1.000000000000000E-002
  1.000000000000000E-002
  1.000000000000000E-002
  1.000000000000000E-002
  1.000000000000000E-002
  0.0001     
  0.0001     
  0.0001     
  0.0001     
  0.126000000000000     
  9.200000000000000E-002
  0.141000000000000     
  0.143000000000000     
  0.133000000000000     
  5.100000000000000E-002
  6.500000000000000E-002
  9.500000000000000E-002
  1.000000000000000E-002
  1.000000000000000E-002
  1.000000000000000E-002
  1.000000000000000E-002
  1.000000000000000E-002
  1.000000000000000E-002
  1.000000000000000E-002
  1.000000000000000E-002
  0.0001     
  0.0001     
  0.0001     
  0.0001     
  0.0001     
  0.0001     
  1.000000000000000E-002
  1.000000000000000E-002
  1.000000000000000E-002
  1.000000000000000E-002
  1.000000000000000E-002
  1.000000000000000E-002
  1.000000000000000E-002
  1.000000000000000E-002
  1.000000000000000E-002
  1.000000000000000E-002
  1.000000000000000E-002
  1.000000000000000E-002
  1.000000000000000E-002
  1.000000000000000E-002
  0.0001     
  0.0001     
  0.0001     
  0.0001     
  0.0001     
  0.0001     
  0.0001     
  0.0001     
  0.0001     
  0.0001     
  0.0001     
  0.0001     
  0.0001     
  0.0001     
  0.0001     
  0.0001     
  0.0001     
  0.0001     
  0.0001     
  0.0001     
  0.0001     
  0.0001     
  0.0001     
  0.0001     
  0.0001     
  0.0001     
  0.0001     
  0.0001     
  0.0001     
  0.0001     
  0.0001     
  0.0001     
  0.0001     
  0.0001     
  0.0001     
  0.0001     
  0.0001     
  0.0001     
  0.0001     
  0.0001     
  0.0001     
  0.0001     
  0.0001     
  0.0001     
  0.0001     
  0.0001     
  0.0001     
  0.0001     
  0.0001     
  0.0001     
  0.0001     
  0.0001     
  0.0001     
  0.0001     
  0.0001     
  0.0001     
  0.0001     
  0.0001     
  0.0001     
  0.0001     
  0.0001     
  0.0001     
  0.0001     
  0.0001     
  0.0001     
  0.0001     
  0.0001     
  0.0001     
  0.0001     
  0.0001     
  0.0001     
  0.0001     
  0.0001     
  0.0001     
  0.0001     
  0.0001     
  0.0001     
  0.0001     
  0.0001     
  0.0001     
  0.0001     
  0.0001     
  0.0001     
  0.0001     
  0.0001     
  0.0001     
  0.0001     
  0.0001     
  0.0001     
  0.0001     
  0.0001     
  0.0001     
  0.0001     
  0.0001     
  0.286000000000000     
  0.296000000000000     
  0.298000000000000     
  0.290000000000000     
  0.292000000000000     
  0.0001     
  0.0001     
  0.0001     
  0.0001     
  0.0001     
  0.0001     
  0.0001     
  0.0001     
  0.0001     
  0.0001     
  0.0001     
  0.0001     
  0.0001     
  0.256000000000000     
  0.265000000000000     
  0.271000000000000     
  0.293000000000000     
  0.293000000000000     
  0.296000000000000     
  0.298000000000000     
  1.000000000000000E-002
  0.0001     
  0.0001     
  0.0001     
  0.0001     
  0.0001     
  0.0001     
  0.0001     
  0.0001     
  0.0001     
  0.0001     
  0.0001     
  0.118000000000000     
  0.128000000000000     
  0.213000000000000     
  0.238000000000000     
  0.285000000000000     
  0.295000000000000     
  0.278000000000000     
  0.292000000000000     
  1.000000000000000E-002
  0.0001     
  0.0001     
  0.0001     
  0.0001     
  0.0001     
  0.0001     
  0.0001     
  0.0001     
  0.0001     
  0.0001     
  0.173000000000000     
  0.134000000000000     
  0.126000000000000     
  9.700000000000000E-002
  0.141000000000000     
  0.221000000000000     
  0.282000000000000     
  0.291000000000000     
  0.288000000000000     
  1.000000000000000E-002
  0.0001     
  0.0001     
  0.0001     
  0.0001     
  0.0001     
  0.0001     
  0.0001     
  0.0001     
  0.0001     
  0.182000000000000     
  0.136000000000000     
  0.172000000000000     
  8.500000000000001E-002
  0.168000000000000     
  4.400000000000000E-002
  0.191000000000000     
  0.229000000000000     
  0.260000000000000     
  0.287000000000000     
  1.000000000000000E-002
  0.0001     
  0.0001     
  0.0001     
  0.0001     
  0.0001     
  0.0001     
  0.0001     
  0.0001     
  0.235000000000000     
  0.238000000000000     
  0.176000000000000     
  0.129000000000000     
  0.131000000000000     
  3.600000000000000E-002
  9.800000000000000E-002
  0.115000000000000     
  0.169000000000000     
  0.235000000000000     
  0.264000000000000     
  0.283000000000000     
  0.0001     
  0.0001     
  0.0001     
  0.0001     
  0.0001     
  0.0001     
  0.0001     
  0.254000000000000     
  0.249000000000000     
  0.232000000000000     
  0.220000000000000     
  0.154000000000000     
  0.144000000000000     
  8.300000000000000E-002
  2.000000000000000E-002
  0.135000000000000     
  0.108000000000000     
  0.175000000000000     
  0.260000000000000     
  0.269000000000000     
  0.0001     
  0.0001     
  0.0001     
  0.0001     
  0.0001     
  0.0001     
  0.126000000000000     
  0.224000000000000     
  0.259000000000000     
  0.215000000000000     
  0.236000000000000     
  0.196000000000000     
  0.171000000000000     
  0.153000000000000     
  5.499999999999999E-002
  6.200000000000000E-002
  0.142000000000000     
  0.211000000000000     
  0.174000000000000     
  0.271000000000000     
  0.0001     
  0.0001     
  0.0001     
  0.0001     
  0.0001     
  0.0001     
  0.131000000000000     
  9.000000000000000E-002
  0.171000000000000     
  0.232000000000000     
  0.224000000000000     
  0.247000000000000     
  0.187000000000000     
  0.201000000000000     
  0.152000000000000     
  0.105000000000000     
  4.000000000000001E-002
  0.140000000000000     
  0.225000000000000     
  0.176000000000000     
  0.0001     
  0.0001     
  0.0001     
  0.0001     
  0.0001     
  0.108000000000000     
  7.400000000000000E-002
  5.700000000000000E-002
  0.111000000000000     
  0.189000000000000     
  0.211000000000000     
  0.187000000000000     
  0.207000000000000     
  0.257000000000000     
  0.244000000000000     
  0.180000000000000     
  0.109000000000000     
  0.109000000000000     
  0.204000000000000     
  0.209000000000000     
  0.0001     
  0.0001     
  0.0001     
  0.0001     
  0.0001     
  0.135000000000000     
  8.200000000000000E-002
  0.142000000000000     
  9.800000000000000E-002
  0.108000000000000     
  0.139000000000000     
  0.183000000000000     
  0.167000000000000     
  0.184000000000000     
  0.228000000000000     
  0.275000000000000     
  0.187000000000000     
  0.139000000000000     
  0.173000000000000     
  0.218000000000000     
  0.0001     
  0.0001     
  0.0001     
  0.0001     
  8.300000000000000E-002
  5.000000000000000E-002
  0.114000000000000     
  7.199999999999999E-002
  0.163000000000000     
  0.134000000000000     
  0.209000000000000     
  0.180000000000000     
  0.206000000000000     
  0.240000000000000     
  0.137000000000000     
  0.201000000000000     
  0.262000000000000     
  0.221000000000000     
  0.166000000000000     
  0.180000000000000     
  0.0001     
  0.0001     
  0.0001     
  0.0001     
  4.900000000000000E-002
  7.500000000000000E-002
  7.400000000000000E-002
  0.102000000000000     
  0.118000000000000     
  0.151000000000000     
  0.179000000000000     
  0.194000000000000     
  0.237000000000000     
  0.240000000000000     
  0.254000000000000     
  0.229000000000000     
  0.272000000000000     
  0.236000000000000     
  0.198000000000000     
  0.126000000000000     
  0.0001     
  0.0001     
  0.0001     
  0.136000000000000     
  0.156000000000000     
  3.200000000000000E-002
  4.800000000000000E-002
  2.199999999999999E-002
  0.128000000000000     
  0.111000000000000     
  0.130000000000000     
  0.107000000000000     
  0.163000000000000     
  0.243000000000000     
  0.277000000000000     
  0.246000000000000     
  0.265000000000000     
  0.292000000000000     
  0.250000000000000     
  0.174000000000000     
  0.0001     
  0.0001     
  0.0001     
  0.148000000000000     
  9.300000000000000E-002
  9.700000000000000E-002
  6.600000000000000E-002
  2.399999999999999E-002
  2.100000000000000E-002
  4.800000000000000E-002
  7.900000000000000E-002
  0.135000000000000     
  4.500000000000000E-002
  0.151000000000000     
  0.225000000000000     
  0.239000000000000     
  0.225000000000000     
  0.269000000000000     
  0.271000000000000     
  0.210000000000000     
  0.0001     
  0.0001     
  0.0001     
  0.234000000000000     
  0.149000000000000     
  0.116000000000000     
  8.200000000000000E-002
  6.900000000000001E-002
  1.499999999999999E-002
  2.800000000000000E-002
  2.299999999999999E-002
  5.900000000000000E-002
  0.158000000000000     
  0.124000000000000     
  0.195000000000000     
  0.260000000000000     
  0.204000000000000     
  0.219000000000000     
  0.244000000000000     
  0.226000000000000     
  0.0001     
  0.0001     
  0.0001     
  0.270000000000000     
  0.232000000000000     
  0.102000000000000     
  0.139000000000000     
  8.900000000000000E-002
  5.800000000000000E-002
  2.199999999999999E-002
  3.400000000000000E-002
  1.599999999999999E-002
  3.600000000000000E-002
  0.198000000000000     
  0.131000000000000     
  0.204000000000000     
  0.187000000000000     
  0.209000000000000     
  0.225000000000000     
  0.244000000000000     
  0.0001     
  0.0001     
  0.0001     
  0.258000000000000     
  0.246000000000000     
  0.254000000000000     
  0.150000000000000     
  0.121000000000000     
  0.107000000000000     
  5.299999999999999E-002
  4.000000000000001E-002
  9.800000000000000E-002
  2.600000000000000E-002
  5.199999999999999E-002
  0.177000000000000     
  0.134000000000000     
  0.191000000000000     
  0.139000000000000     
  0.242000000000000     
  0.193000000000000     
  0.0001     
  0.0001     
  0.0001     
  0.280000000000000     
  0.289000000000000     
  0.219000000000000     
  0.190000000000000     
  0.113000000000000     
  0.139000000000000     
  0.188000000000000     
  9.800000000000000E-002
  3.100000000000000E-002
  6.500000000000000E-002
  3.300000000000000E-002
  4.200000000000001E-002
  0.155000000000000     
  0.172000000000000     
  0.194000000000000     
  0.227000000000000     
  0.207000000000000     
  0.0001     
  0.0001     
  0.0001     
  0.181000000000000     
  0.291000000000000     
  0.294000000000000     
  0.271000000000000     
  0.177000000000000     
  0.207000000000000     
  0.155000000000000     
  0.207000000000000     
  6.300000000000000E-002
  4.900000000000000E-002
  0.126000000000000     
  8.599999999999999E-002
  0.107000000000000     
  0.103000000000000     
  8.599999999999999E-002
  0.146000000000000     
  1.000000000000000E-002
  0.0001     
  0.0001     
  0.0001     
  0.214000000000000     
  0.244000000000000     
  0.288000000000000     
  0.293000000000000     
  0.286000000000000     
  0.257000000000000     
  0.228000000000000     
  0.249000000000000     
  0.243000000000000     
  0.135000000000000     
  8.000000000000000E-002
  0.121000000000000     
  0.104000000000000     
  0.178000000000000     
  9.100000000000000E-002
  3.200000000000000E-002
  1.000000000000000E-002
  0.0001     
  0.0001     
  0.0001     
  0.102000000000000     
  0.196000000000000     
  0.244000000000000     
  0.290000000000000     
  0.297000000000000     
  0.289000000000000     
  0.279000000000000     
  0.261000000000000     
  0.263000000000000     
  0.209000000000000     
  0.197000000000000     
  8.599999999999999E-002
  0.142000000000000     
  0.139000000000000     
  0.176000000000000     
  1.000000000000000E-002
  1.000000000000000E-002
  0.0001     
  0.0001     
  0.0001     
  0.0001     
  0.112000000000000     
  0.239000000000000     
  0.285000000000000     
  0.290000000000000     
  0.297000000000000     
  0.292000000000000     
  0.296000000000000     
  0.287000000000000     
  0.281000000000000     
  0.198000000000000     
  0.137000000000000     
  8.400000000000001E-002
  1.000000000000000E-002
  1.000000000000000E-002
  1.000000000000000E-002
  1.000000000000000E-002
  0.0001     
  0.0001     
  0.0001     
  0.0001     
  0.0001     
  0.0001     
  0.237000000000000     
  0.295000000000000     
  0.294000000000000     
  0.292000000000000     
  0.297000000000000     
  0.299000000000000     
  0.294000000000000     
  0.280000000000000     
  1.000000000000000E-002
  1.000000000000000E-002
  1.000000000000000E-002
  1.000000000000000E-002
  1.000000000000000E-002
  1.000000000000000E-002
  0.0001     
  0.0001     
  0.0001     
  0.0001     
  0.0001     
  0.0001     
  0.0001     
  0.0001     
  0.0001     
  0.0001     
  0.0001     
  0.0001     
  0.0001     
  1.000000000000000E-002
  1.000000000000000E-002
  1.000000000000000E-002
  1.000000000000000E-002
  1.000000000000000E-002
  1.000000000000000E-002
  1.000000000000000E-002
  0.0001     
  0.0001     
  0.0001     
  0.0001     
  0.0001     
  0.0001     
  0.0001     
  0.0001     
  0.0001     
  0.0001     
  0.0001     
  0.0001     
  0.0001     
  1.000000000000000E-002
  1.000000000000000E-002
  1.000000000000000E-002
  1.000000000000000E-002
  1.000000000000000E-002
  1.000000000000000E-002
  1.000000000000000E-002
  0.0001     
  0.0001     
  0.0001     
  0.0001     
  0.0001     
  0.0001     
  0.0001     
  0.0001     
  0.0001     
  0.0001     
  0.0001     
  0.0001     
  0.0001     
  0.0001     
  0.0001     
  0.0001     
  0.0001     
  0.0001     
  0.0001     
  0.0001     
  0.0001     
  0.0001     
  0.0001     
  0.0001     
  0.0001     
  0.0001     
  0.0001     
  0.0001     
  0.0001     
  0.0001     
  0.0001     
  0.0001     
  0.0001     
  0.0001     
  0.0001     
  0.0001     
  0.0001     
  0.0001     
  0.0001     
  0.0001     
  0.0001     
  0.0001     
  0.0001     
  0.0001     
  0.0001     
  0.0001     
  0.0001     
  0.0001     
  0.0001     
  0.0001     
  0.0001     
  0.0001     
  0.0001     
  0.0001     
  0.0001     
  0.0001     
  0.0001     
  0.0001     
  0.0001     
  0.0001     
  0.0001     
  0.0001     
  0.0001     
  0.0001     
  0.0001     
  0.0001     
  0.0001     
  0.0001     
  0.0001     
  0.0001     
  0.0001     
  0.0001     
  0.0001     
  0.0001     
  0.0001     
  0.0001     
  0.0001     
  0.0001     
  0.0001     
  0.0001     
  0.0001     
  0.0001     
  0.0001     
  0.0001     
  0.0001     
  0.0001     
  0.0001     
  0.0001     
  0.0001     
  0.0001     
  0.0001     
  0.0001     
  0.0001     
  0.0001     
  0.140000000000000     
  0.104000000000000     
  0.136000000000000     
  0.112000000000000     
  8.300000000000000E-002
  0.0001     
  0.0001     
  0.0001     
  0.0001     
  0.0001     
  0.0001     
  0.0001     
  0.0001     
  0.0001     
  0.0001     
  0.0001     
  0.0001     
  0.0001     
  0.174000000000000     
  0.147000000000000     
  0.117000000000000     
  0.172000000000000     
  0.126000000000000     
  9.500000000000000E-002
  0.105000000000000     
  1.000000000000000E-002
  0.0001     
  0.0001     
  0.0001     
  0.0001     
  0.0001     
  0.0001     
  0.0001     
  0.0001     
  0.0001     
  0.0001     
  0.0001     
  0.142000000000000     
  0.167000000000000     
  0.175000000000000     
  0.166000000000000     
  0.186000000000000     
  0.171000000000000     
  0.157000000000000     
  0.154000000000000     
  1.000000000000000E-002
  0.0001     
  0.0001     
  0.0001     
  0.0001     
  0.0001     
  0.0001     
  0.0001     
  0.0001     
  0.0001     
  0.0001     
  0.121000000000000     
  0.156000000000000     
  0.190000000000000     
  0.194000000000000     
  0.166000000000000     
  0.212000000000000     
  0.185000000000000     
  0.198000000000000     
  0.142000000000000     
  1.000000000000000E-002
  0.0001     
  0.0001     
  0.0001     
  0.0001     
  0.0001     
  0.0001     
  0.0001     
  0.0001     
  0.0001     
  8.699999999999999E-002
  0.109000000000000     
  0.130000000000000     
  0.184000000000000     
  0.200000000000000     
  0.195000000000000     
  0.203000000000000     
  0.207000000000000     
  0.198000000000000     
  0.140000000000000     
  1.000000000000000E-002
  0.0001     
  0.0001     
  0.0001     
  0.0001     
  0.0001     
  0.0001     
  0.0001     
  0.0001     
  6.500000000000000E-002
  5.400000000000001E-002
  0.117000000000000     
  0.109000000000000     
  0.127000000000000     
  0.202000000000000     
  0.204000000000000     
  0.211000000000000     
  0.207000000000000     
  0.207000000000000     
  0.197000000000000     
  0.138000000000000     
  0.0001     
  0.0001     
  0.0001     
  0.0001     
  0.0001     
  0.0001     
  0.0001     
  1.600000000000000E-002
  4.099999999999999E-002
  7.700000000000000E-002
  3.400000000000000E-002
  0.138000000000000     
  0.151000000000000     
  0.211000000000000     
  0.212000000000000     
  0.203000000000000     
  0.202000000000000     
  0.166000000000000     
  0.191000000000000     
  0.173000000000000     
  0.0001     
  0.0001     
  0.0001     
  0.0001     
  0.0001     
  0.0001     
  2.000000000000000E-002
  1.700000000000000E-002
  2.500000000000001E-002
  6.800000000000000E-002
  6.600000000000000E-002
  0.120000000000000     
  0.174000000000000     
  0.208000000000000     
  0.191000000000000     
  0.207000000000000     
  0.140000000000000     
  0.150000000000000     
  0.149000000000000     
  0.198000000000000     
  0.0001     
  0.0001     
  0.0001     
  0.0001     
  0.0001     
  0.0001     
  2.700000000000000E-002
  7.199999999999999E-002
  2.500000000000001E-002
  0.107000000000000     
  8.400000000000001E-002
  0.126000000000000     
  0.172000000000000     
  0.198000000000000     
  0.142000000000000     
  0.181000000000000     
  0.100000000000000     
  0.127000000000000     
  6.700000000000000E-002
  0.146000000000000     
  0.0001     
  0.0001     
  0.0001     
  0.0001     
  0.0001     
  8.300000000000000E-002
  5.200000000000000E-002
  8.699999999999999E-002
  4.700000000000000E-002
  0.140000000000000     
  0.185000000000000     
  0.152000000000000     
  0.193000000000000     
  0.173000000000000     
  8.900000000000000E-002
  9.800000000000000E-002
  0.106000000000000     
  8.799999999999999E-002
  9.200000000000000E-002
  0.117000000000000     
  0.0001     
  0.0001     
  0.0001     
  0.0001     
  0.0001     
  4.700000000000000E-002
  1.200999999999999E-002
  2.700000000000000E-002
  8.599999999999999E-002
  0.182000000000000     
  0.145000000000000     
  0.152000000000000     
  0.130000000000000     
  0.131000000000000     
  4.900000000000000E-002
  1.500000000000000E-002
  3.300000000000000E-002
  7.000000000000001E-002
  0.160000000000000     
  9.200000000000000E-002
  0.0001     
  0.0001     
  0.0001     
  0.0001     
  0.124000000000000     
  7.300000000000000E-002
  1.500000000000000E-002
  7.099999999999999E-002
  0.169000000000000     
  0.151000000000000     
  0.173000000000000     
  0.158000000000000     
  0.108000000000000     
  7.800000000000000E-002
  1.600000000000000E-002
  1.300000000000000E-002
  0.116000000000000     
  0.129000000000000     
  8.599999999999999E-002
  0.115000000000000     
  0.0001     
  0.0001     
  0.0001     
  0.0001     
  0.126000000000000     
  4.900000000000000E-002
  5.900000000000000E-002
  0.109000000000000     
  0.133000000000000     
  0.134000000000000     
  0.173000000000000     
  0.105000000000000     
  0.150000000000000     
  0.104000000000000     
  4.400000000000000E-002
  3.999999999999999E-002
  0.139000000000000     
  7.900000000000000E-002
  0.106000000000000     
  0.116000000000000     
  0.0001     
  0.0001     
  0.0001     
  8.500000000000001E-002
  6.100000000000000E-002
  4.900000000000000E-002
  0.105000000000000     
  0.179000000000000     
  0.125000000000000     
  0.160000000000000     
  0.144000000000000     
  0.145000000000000     
  0.151000000000000     
  6.200000000000000E-002
  8.799999999999999E-002
  0.135000000000000     
  7.900000000000000E-002
  0.102000000000000     
  8.200000000000000E-002
  0.100000000000000     
  0.0001     
  0.0001     
  0.0001     
  2.600000000000000E-002
  8.300000000000000E-002
  7.199999999999999E-002
  0.139000000000000     
  0.158000000000000     
  0.178000000000000     
  0.110000000000000     
  0.166000000000000     
  0.115000000000000     
  0.105000000000000     
  6.700000000000000E-002
  6.100000000000000E-002
  9.100000000000000E-002
  6.600000000000000E-002
  6.600000000000000E-002
  0.148000000000000     
  0.179000000000000     
  0.0001     
  0.0001     
  0.0001     
  6.100000000000000E-002
  8.300000000000000E-002
  6.700000000000000E-002
  0.129000000000000     
  0.191000000000000     
  0.125000000000000     
  0.152000000000000     
  0.143000000000000     
  0.139000000000000     
  9.400000000000000E-002
  9.100000000000000E-002
  0.114000000000000     
  0.110000000000000     
  0.111000000000000     
  8.900000000000000E-002
  0.196000000000000     
  0.184000000000000     
  0.0001     
  0.0001     
  0.0001     
  6.000000000000000E-002
  8.900000000000000E-002
  8.799999999999999E-002
  0.158000000000000     
  0.208000000000000     
  0.195000000000000     
  0.157000000000000     
  0.196000000000000     
  0.104000000000000     
  0.134000000000000     
  8.400000000000001E-002
  0.142000000000000     
  0.129000000000000     
  8.200000000000000E-002
  0.118000000000000     
  0.184000000000000     
  0.197000000000000     
  0.0001     
  0.0001     
  0.0001     
  2.500000000000001E-002
  4.500000000000000E-002
  0.112000000000000     
  0.182000000000000     
  0.208000000000000     
  0.196000000000000     
  0.130000000000000     
  0.161000000000000     
  5.200000000000000E-002
  9.400000000000000E-002
  6.800000000000000E-002
  0.117000000000000     
  0.120000000000000     
  0.108000000000000     
  0.189000000000000     
  0.211000000000000     
  0.183000000000000     
  0.0001     
  0.0001     
  0.0001     
  1.800000000000000E-002
  6.800000000000000E-002
  0.137000000000000     
  0.136000000000000     
  0.202000000000000     
  0.196000000000000     
  0.141000000000000     
  0.149000000000000     
  0.107000000000000     
  0.131000000000000     
  0.147000000000000     
  0.136000000000000     
  0.123000000000000     
  0.150000000000000     
  0.200000000000000     
  0.147000000000000     
  0.153000000000000     
  0.0001     
  0.0001     
  0.0001     
  5.600000000000000E-002
  4.500000000000000E-002
  0.119000000000000     
  0.135000000000000     
  0.157000000000000     
  0.126000000000000     
  0.164000000000000     
  7.300000000000000E-002
  0.124000000000000     
  0.132000000000000     
  0.121000000000000     
  0.170000000000000     
  0.159000000000000     
  0.155000000000000     
  0.194000000000000     
  0.178000000000000     
  1.000000000000000E-002
  0.0001     
  0.0001     
  0.0001     
  2.700000000000000E-002
  5.500000000000000E-002
  7.099999999999999E-002
  0.115000000000000     
  7.700000000000000E-002
  0.156000000000000     
  9.600000000000000E-002
  0.102000000000000     
  0.134000000000000     
  0.114000000000000     
  0.131000000000000     
  0.150000000000000     
  0.168000000000000     
  0.158000000000000     
  0.169000000000000     
  0.129000000000000     
  1.000000000000000E-002
  0.0001     
  0.0001     
  0.0001     
  2.000000000000000E-002
  4.200000000000000E-002
  3.599999999999999E-002
  8.799999999999999E-002
  0.122000000000000     
  9.400000000000000E-002
  0.151000000000000     
  0.111000000000000     
  0.143000000000000     
  0.150000000000000     
  0.178000000000000     
  0.201000000000000     
  0.150000000000000     
  9.700000000000000E-002
  0.136000000000000     
  1.000000000000000E-002
  1.000000000000000E-002
  0.0001     
  0.0001     
  0.0001     
  0.0001     
  2.600000000000000E-002
  3.500000000000000E-002
  0.103000000000000     
  0.151000000000000     
  0.122000000000000     
  0.152000000000000     
  8.200000000000000E-002
  0.131000000000000     
  0.104000000000000     
  0.132000000000000     
  9.800000000000000E-002
  0.129000000000000     
  1.000000000000000E-002
  1.000000000000000E-002
  1.000000000000000E-002
  1.000000000000000E-002
  0.0001     
  0.0001     
  0.0001     
  0.0001     
  0.0001     
  0.0001     
  0.145000000000000     
  0.158000000000000     
  8.500000000000001E-002
  7.000000000000001E-002
  8.300000000000000E-002
  8.799999999999999E-002
  0.126000000000000     
  0.111000000000000     
  1.000000000000000E-002
  1.000000000000000E-002
  1.000000000000000E-002
  1.000000000000000E-002
  1.000000000000000E-002
  1.000000000000000E-002
  0.0001     
  0.0001     
  0.0001     
  0.0001     
  0.0001     
  0.0001     
  0.0001     
  0.0001     
  0.0001     
  0.0001     
  0.0001     
  0.0001     
  0.0001     
  1.000000000000000E-002
  1.000000000000000E-002
  1.000000000000000E-002
  1.000000000000000E-002
  1.000000000000000E-002
  1.000000000000000E-002
  1.000000000000000E-002
  0.0001     
  0.0001     
  0.0001     
  0.0001     
  0.0001     
  0.0001     
  0.0001     
  0.0001     
  0.0001     
  0.0001     
  0.0001     
  0.0001     
  0.0001     
  1.000000000000000E-002
  1.000000000000000E-002
  1.000000000000000E-002
  1.000000000000000E-002
  1.000000000000000E-002
  1.000000000000000E-002
  1.000000000000000E-002
  0.0001     
  0.0001     
  0.0001     
  0.0001     
  0.0001     
  0.0001     
  0.0001     
  0.0001     
  0.0001     
  0.0001     
  0.0001     
  0.0001     
  0.0001     
  0.0001     
  0.0001     
  0.0001     
  0.0001     
  0.0001     
  0.0001     
  0.0001     
  0.0001     
  0.0001     
  0.0001     
  0.0001     
  0.0001     
  0.0001     
  0.0001     
  0.0001     
  0.0001     
  0.0001     
  0.0001     
  0.0001     
  0.0001     
  0.0001     
  0.0001     
  0.0001     
  0.0001     
  0.0001     
  0.0001     
  0.0001     
  0.0001     
  0.0001     
  0.0001     
  0.0001     
  0.0001     
  0.0001     
  0.0001     
  0.0001     
  0.0001     
  0.0001     
  0.0001     
  0.0001     
  0.0001     
  0.0001     
  0.0001     
  0.0001     
  0.0001     
  0.0001     
  0.0001     
  0.0001     
  0.0001     
  0.0001     
  0.0001     
  0.0001     
  0.0001     
  0.0001     
  0.0001     
  0.0001     
  0.0001     
  0.0001     
  0.0001     
  0.0001     
  0.0001     
  0.0001     
  0.0001     
  0.0001     
  0.0001     
  0.0001     
  0.0001     
  0.0001     
  0.0001     
  0.0001     
  0.0001     
  0.0001     
  0.0001     
  0.0001     
  0.0001     
  0.0001     
  0.0001     
  0.0001     
  0.0001     
  0.0001     
  0.0001     
  0.0001     
  1.201000000000002E-002
  1.499999999999999E-002
  8.900000000000000E-002
  8.100000000000000E-002
  8.300000000000000E-002
  0.0001     
  0.0001     
  0.0001     
  0.0001     
  0.0001     
  0.0001     
  0.0001     
  0.0001     
  0.0001     
  0.0001     
  0.0001     
  0.0001     
  0.0001     
  0.229000000000000     
  0.133000000000000     
  2.800000000000000E-002
  1.699999999999999E-002
  1.900000000000000E-002
  0.102000000000000     
  0.127000000000000     
  1.000000000000000E-002
  0.0001     
  0.0001     
  0.0001     
  0.0001     
  0.0001     
  0.0001     
  0.0001     
  0.0001     
  0.0001     
  0.0001     
  0.0001     
  0.192000000000000     
  0.165000000000000     
  0.159000000000000     
  8.699999999999999E-002
  4.600000000000000E-002
  3.800000000000001E-002
  2.600000000000000E-002
  0.133000000000000     
  1.000000000000000E-002
  0.0001     
  0.0001     
  0.0001     
  0.0001     
  0.0001     
  0.0001     
  0.0001     
  0.0001     
  0.0001     
  0.0001     
  0.287000000000000     
  0.276000000000000     
  0.139000000000000     
  7.600000000000000E-002
  9.200000000000000E-002
  0.113000000000000     
  7.400000000000000E-002
  5.000000000000000E-002
  6.700000000000000E-002
  1.000000000000000E-002
  0.0001     
  0.0001     
  0.0001     
  0.0001     
  0.0001     
  0.0001     
  0.0001     
  0.0001     
  0.0001     
  0.291000000000000     
  0.298000000000000     
  0.292000000000000     
  0.287000000000000     
  0.222000000000000     
  8.799999999999999E-002
  6.000000000000000E-002
  8.200000000000000E-002
  0.110000000000000     
  7.000000000000001E-002
  1.000000000000000E-002
  0.0001     
  0.0001     
  0.0001     
  0.0001     
  0.0001     
  0.0001     
  0.0001     
  0.0001     
  0.235000000000000     
  0.232000000000000     
  0.230000000000000     
  0.269000000000000     
  0.290000000000000     
  0.284000000000000     
  0.167000000000000     
  9.700000000000000E-002
  4.400000000000000E-002
  0.100000000000000     
  6.200000000000000E-002
  0.131000000000000     
  0.0001     
  0.0001     
  0.0001     
  0.0001     
  0.0001     
  0.0001     
  0.0001     
  0.293000000000000     
  0.286000000000000     
  0.248000000000000     
  0.277000000000000     
  0.209000000000000     
  0.268000000000000     
  0.270000000000000     
  0.264000000000000     
  0.179000000000000     
  0.170000000000000     
  0.128000000000000     
  0.127000000000000     
  0.113000000000000     
  0.0001     
  0.0001     
  0.0001     
  0.0001     
  0.0001     
  0.0001     
  0.158000000000000     
  0.286000000000000     
  0.290000000000000     
  0.284000000000000     
  0.284000000000000     
  0.293000000000000     
  0.258000000000000     
  0.272000000000000     
  0.249000000000000     
  0.209000000000000     
  0.171000000000000     
  9.500000000000000E-002
  0.142000000000000     
  0.126000000000000     
  0.0001     
  0.0001     
  0.0001     
  0.0001     
  0.0001     
  0.0001     
  7.199999999999999E-002
  0.172000000000000     
  0.253000000000000     
  0.240000000000000     
  0.271000000000000     
  0.289000000000000     
  0.260000000000000     
  0.219000000000000     
  0.232000000000000     
  0.240000000000000     
  0.243000000000000     
  0.174000000000000     
  6.200000000000000E-002
  0.149000000000000     
  0.0001     
  0.0001     
  0.0001     
  0.0001     
  0.0001     
  0.196000000000000     
  0.108000000000000     
  9.000000000000000E-002
  0.183000000000000     
  0.232000000000000     
  0.111000000000000     
  0.188000000000000     
  0.286000000000000     
  0.277000000000000     
  0.190000000000000     
  0.270000000000000     
  0.291000000000000     
  0.220000000000000     
  0.175000000000000     
  7.700000000000000E-002
  0.0001     
  0.0001     
  0.0001     
  0.0001     
  0.0001     
  0.196000000000000     
  0.146000000000000     
  0.168000000000000     
  0.115000000000000     
  0.113000000000000     
  0.156000000000000     
  0.135000000000000     
  0.169000000000000     
  0.189000000000000     
  0.216000000000000     
  0.195000000000000     
  0.252000000000000     
  0.284000000000000     
  0.280000000000000     
  0.224000000000000     
  0.0001     
  0.0001     
  0.0001     
  0.0001     
  0.253000000000000     
  0.263000000000000     
  0.149000000000000     
  0.213000000000000     
  8.500000000000001E-002
  4.200000000000001E-002
  6.000000000000000E-002
  0.100000000000000     
  0.171000000000000     
  0.212000000000000     
  0.171000000000000     
  0.184000000000000     
  0.153000000000000     
  0.263000000000000     
  0.225000000000000     
  0.239000000000000     
  0.0001     
  0.0001     
  0.0001     
  0.0001     
  0.279000000000000     
  0.281000000000000     
  0.243000000000000     
  0.161000000000000     
  0.232000000000000     
  0.164000000000000     
  3.600000000000000E-002
  2.199999999999999E-002
  8.599999999999999E-002
  5.299999999999999E-002
  0.129000000000000     
  0.198000000000000     
  0.164000000000000     
  9.800000000000000E-002
  0.235000000000000     
  0.215000000000000     
  0.0001     
  0.0001     
  0.0001     
  0.292000000000000     
  0.286000000000000     
  0.297000000000000     
  0.296000000000000     
  0.293000000000000     
  0.237000000000000     
  0.214000000000000     
  0.176000000000000     
  9.100000000000000E-002
  9.800000000000000E-002
  4.100000000000001E-002
  2.800000000000000E-002
  9.700000000000000E-002
  0.161000000000000     
  8.300000000000000E-002
  8.400000000000001E-002
  0.191000000000000     
  0.0001     
  0.0001     
  0.0001     
  0.280000000000000     
  0.298000000000000     
  0.295000000000000     
  0.293000000000000     
  0.297000000000000     
  0.293000000000000     
  0.229000000000000     
  0.205000000000000     
  0.166000000000000     
  0.164000000000000     
  9.600000000000000E-002
  6.800000000000000E-002
  6.800000000000000E-002
  3.000000000000000E-002
  7.900000000000000E-002
  5.399999999999999E-002
  7.099999999999999E-002
  0.0001     
  0.0001     
  0.0001     
  0.277000000000000     
  0.294000000000000     
  0.298000000000000     
  0.288000000000000     
  0.292000000000000     
  0.283000000000000     
  0.282000000000000     
  0.185000000000000     
  0.174000000000000     
  0.168000000000000     
  0.154000000000000     
  0.126000000000000     
  4.700000000000000E-002
  7.600000000000000E-002
  8.699999999999999E-002
  0.104000000000000     
  8.699999999999999E-002
  0.0001     
  0.0001     
  0.0001     
  0.161000000000000     
  0.288000000000000     
  0.290000000000000     
  0.293000000000000     
  0.282000000000000     
  0.271000000000000     
  0.287000000000000     
  0.246000000000000     
  0.207000000000000     
  0.220000000000000     
  0.216000000000000     
  0.222000000000000     
  0.155000000000000     
  0.180000000000000     
  0.180000000000000     
  8.500000000000001E-002
  0.136000000000000     
  0.0001     
  0.0001     
  0.0001     
  3.500000000000000E-002
  4.600000000000000E-002
  0.129000000000000     
  0.180000000000000     
  0.199000000000000     
  0.280000000000000     
  0.277000000000000     
  0.278000000000000     
  0.272000000000000     
  0.219000000000000     
  0.178000000000000     
  0.201000000000000     
  0.241000000000000     
  0.224000000000000     
  0.202000000000000     
  0.191000000000000     
  0.132000000000000     
  0.0001     
  0.0001     
  0.0001     
  7.300000000000000E-002
  2.199999999999999E-002
  5.199999999999999E-002
  7.600000000000000E-002
  0.141000000000000     
  0.278000000000000     
  0.223000000000000     
  0.244000000000000     
  0.287000000000000     
  0.272000000000000     
  0.208000000000000     
  0.267000000000000     
  0.234000000000000     
  0.277000000000000     
  0.275000000000000     
  0.229000000000000     
  0.185000000000000     
  0.0001     
  0.0001     
  0.0001     
  2.000000000000000E-002
  4.800000000000000E-002
  4.800000000000000E-002
  3.700000000000001E-002
  9.800000000000000E-002
  0.114000000000000     
  0.237000000000000     
  0.216000000000000     
  0.208000000000000     
  0.284000000000000     
  0.261000000000000     
  0.279000000000000     
  0.283000000000000     
  0.285000000000000     
  0.295000000000000     
  0.282000000000000     
  1.000000000000000E-002
  0.0001     
  0.0001     
  0.0001     
  0.107000000000000     
  5.199999999999999E-002
  7.199999999999999E-002
  0.109000000000000     
  6.900000000000001E-002
  7.500000000000000E-002
  0.138000000000000     
  0.128000000000000     
  0.151000000000000     
  0.213000000000000     
  0.244000000000000     
  0.292000000000000     
  0.292000000000000     
  0.279000000000000     
  0.274000000000000     
  0.296000000000000     
  1.000000000000000E-002
  0.0001     
  0.0001     
  0.0001     
  0.175000000000000     
  0.118000000000000     
  0.130000000000000     
  9.100000000000000E-002
  6.500000000000000E-002
  0.100000000000000     
  4.600000000000000E-002
  0.162000000000000     
  0.144000000000000     
  0.194000000000000     
  0.178000000000000     
  0.157000000000000     
  0.239000000000000     
  0.228000000000000     
  0.216000000000000     
  1.000000000000000E-002
  1.000000000000000E-002
  0.0001     
  0.0001     
  0.0001     
  0.0001     
  0.175000000000000     
  0.122000000000000     
  0.112000000000000     
  0.156000000000000     
  0.143000000000000     
  0.177000000000000     
  0.137000000000000     
  0.194000000000000     
  0.237000000000000     
  0.246000000000000     
  0.241000000000000     
  0.209000000000000     
  1.000000000000000E-002
  1.000000000000000E-002
  1.000000000000000E-002
  1.000000000000000E-002
  0.0001     
  0.0001     
  0.0001     
  0.0001     
  0.0001     
  0.0001     
  0.130000000000000     
  7.900000000000000E-002
  0.202000000000000     
  0.227000000000000     
  0.223000000000000     
  0.180000000000000     
  0.204000000000000     
  0.0001     
  1.000000000000000E-002
  1.000000000000000E-002
  1.000000000000000E-002
  1.000000000000000E-002
  1.000000000000000E-002
  1.000000000000000E-002
  0.0001     
  0.0001     
  0.0001     
  0.0001     
  0.0001     
  0.0001     
  0.0001     
  0.0001     
  0.0001     
  0.0001     
  0.0001     
  0.0001     
  0.0001     
  0.0001     
  1.000000000000000E-002
  1.000000000000000E-002
  1.000000000000000E-002
  1.000000000000000E-002
  1.000000000000000E-002
  1.000000000000000E-002
  0.0001     
  0.0001     
  0.0001     
  0.0001     
  0.0001     
  0.0001     
  0.0001     
  0.0001     
  0.0001     
  0.0001     
  0.0001     
  0.0001     
  0.0001     
  0.0001     
  1.000000000000000E-002
  1.000000000000000E-002
  1.000000000000000E-002
  1.000000000000000E-002
  1.000000000000000E-002
  1.000000000000000E-002
 /

