PERMX
385.6923
360.3077
324.7692
319.6923
263.8462
233.3846
197.8462
167.3846
152.1538
116.6154
126.7692
233.3846
233.3846
228.3077
228.3077
187.6923
162.3077
157.2308
152.1538
147.0769
111.5385
111.5385
121.6923
121.6923
157.2308
177.5385
177.5385
177.5385
162.3077
101.3846
121.6923
223.2308
228.3077
263.8462
274
218.1538
202.9231
192.7692
187.6923
177.5385
157.2308
157.2308
274
299.3846
157.2308
142
172.4615
223.2308
238.4615
289.2308
314.6154
466.9231
477.0769
406
400.9231
436.4615
456.7692
548.1538
680.1538
751.2308
888.3077
888.3077
868
868
837.5385
837.5385
847.6923
857.8462
817.2308
781.6923
781.6923
776.6154
766.4615
578.6154
583.6923
680.1538
746.1538
680.1538
644.6154
664.9231
736
725.8462
675.0769
664.9231
517.6923
482.1538
441.5385
426.3077
380.6154
350.1538
345.0769
319.6923
309.5385
253.6923
253.6923
177.5385
157.2308
111.5385
101.3846
360.3077
375.5385
350.1538
314.6154
309.5385
248.6154
223.2308
187.6923
157.2308
142
101.3846
111.5385
223.2308
223.2308
213.0769
218.1538
172.4615
152.1538
147.0769
142
131.8462
91.2308
96.3077
101.3846
106.4615
147.0769
162.3077
162.3077
162.3077
147.0769
86.1538
111.5385
213.0769
218.1538
253.6923
263.8462
208
192.7692
182.6154
172.4615
162.3077
142
147.0769
263.8462
294.3077
142
131.8462
162.3077
213.0769
228.3077
284.1538
304.4615
456.7692
466.9231
395.8462
390.7692
431.3846
451.6923
543.0769
675.0769
746.1538
883.2308
888.3077
862.9231
862.9231
837.5385
832.4615
842.6154
857.8462
812.1538
776.6154
776.6154
771.5385
761.3846
573.5385
578.6154
670
736
670
629.3846
654.7692
725.8462
715.6923
664.9231
654.7692
507.5385
472
431.3846
411.0769
370.4615
334.9231
329.8462
304.4615
294.3077
238.4615
238.4615
167.3846
147.0769
91.2308
81.0769
345.0769
345.0769
314.6154
177.5385
167.3846
172.4615
182.6154
177.5385
172.4615
162.3077
131.8462
131.8462
177.5385
177.5385
131.8462
126.7692
101.3846
86.1538
81.0769
76
76
106.4615
106.4615
91.2308
86.1538
136.9231
152.1538
111.5385
65.8462
76
131.8462
131.8462
142
147.0769
162.3077
162.3077
238.4615
268.9231
233.3846
192.7692
182.6154
162.3077
162.3077
274
294.3077
213.0769
202.9231
233.3846
284.1538
304.4615
360.3077
365.3846
411.0769
411.0769
426.3077
421.2308
604
690.3077
710.6154
751.2308
791.8462
868
868
888.3077
888.3077
852.7692
852.7692
832.4615
822.3077
812.1538
807.0769
802
776.6154
761.3846
578.6154
588.7692
629.3846
664.9231
583.6923
538
512.6154
461.8462
466.9231
492.3077
482.1538
360.3077
334.9231
314.6154
309.5385
284.1538
274
248.6154
111.5385
126.7692
157.2308
162.3077
106.4615
91.2308
50.6154
40.4615
324.7692
345.0769
314.6154
177.5385
162.3077
172.4615
177.5385
177.5385
177.5385
162.3077
131.8462
136.9231
177.5385
177.5385
131.8462
126.7692
96.3077
86.1538
76
70.9231
76
106.4615
106.4615
86.1538
86.1538
131.8462
157.2308
106.4615
60.7692
70.9231
136.9231
136.9231
142
142
157.2308
157.2308
243.5385
274
233.3846
192.7692
187.6923
162.3077
162.3077
274
294.3077
213.0769
208
238.4615
289.2308
314.6154
370.4615
370.4615
406
406
421.2308
421.2308
609.0769
700.4615
720.7692
756.3077
791.8462
868
868
888.3077
888.3077
852.7692
852.7692
832.4615
822.3077
817.2308
807.0769
807.0769
776.6154
766.4615
578.6154
583.6923
629.3846
664.9231
583.6923
538
512.6154
451.6923
456.7692
487.2308
482.1538
360.3077
334.9231
309.5385
304.4615
284.1538
268.9231
243.5385
106.4615
121.6923
157.2308
162.3077
106.4615
91.2308
50.6154
40.4615
324.7692
319.6923
289.2308
131.8462
116.6154
121.6923
121.6923
116.6154
111.5385
116.6154
131.8462
131.8462
136.9231
131.8462
86.1538
81.0769
60.7692
50.6154
65.8462
81.0769
81.0769
86.1538
86.1538
111.5385
121.6923
111.5385
111.5385
106.4615
111.5385
101.3846
65.8462
70.9231
96.3077
101.3846
162.3077
177.5385
192.7692
197.8462
182.6154
172.4615
167.3846
162.3077
162.3077
238.4615
253.6923
223.2308
223.2308
208
187.6923
218.1538
304.4615
324.7692
477.0769
487.2308
543.0769
548.1538
695.3846
766.4615
791.8462
832.4615
852.7692
893.3846
893.3846
898.4615
893.3846
868
868
837.5385
817.2308
796.9231
781.6923
776.6154
690.3077
690.3077
639.5385
644.6154
583.6923
548.1538
461.8462
416.1538
421.2308
446.6154
446.6154
431.3846
421.2308
274
233.3846
243.5385
253.6923
223.2308
197.8462
182.6154
101.3846
101.3846
81.0769
81.0769
50.6154
45.5385
35.3846
25.2308
319.6923
309.5385
279.0769
116.6154
101.3846
96.3077
96.3077
91.2308
81.0769
96.3077
131.8462
131.8462
121.6923
116.6154
70.9231
60.7692
45.5385
40.4615
65.8462
81.0769
81.0769
76
76
126.7692
136.9231
106.4615
96.3077
111.5385
131.8462
111.5385
35.3846
45.5385
81.0769
86.1538
167.3846
187.6923
167.3846
162.3077
162.3077
162.3077
162.3077
162.3077
162.3077
228.3077
238.4615
233.3846
228.3077
192.7692
136.9231
177.5385
274
304.4615
507.5385
522.7692
598.9231
609.0769
736
802
827.3846
868
883.2308
903.5385
903.5385
903.5385
903.5385
873.0769
873.0769
842.6154
817.2308
791.8462
771.5385
761.3846
654.7692
654.7692
675.0769
675.0769
558.3077
497.3846
411.0769
360.3077
380.6154
451.6923
446.6154
411.0769
400.9231
233.3846
192.7692
218.1538
228.3077
197.8462
162.3077
157.2308
101.3846
96.3077
50.6154
50.6154
35.3846
30.3077
25.2308
25.2308
319.6923
274
238.4615
106.4615
96.3077
91.2308
91.2308
91.2308
86.1538
91.2308
111.5385
111.5385
96.3077
91.2308
55.6923
50.6154
45.5385
40.4615
55.6923
70.9231
70.9231
65.8462
65.8462
116.6154
126.7692
106.4615
101.3846
101.3846
106.4615
91.2308
40.4615
45.5385
70.9231
76
157.2308
172.4615
142
136.9231
131.8462
126.7692
131.8462
157.2308
157.2308
192.7692
202.9231
192.7692
197.8462
192.7692
187.6923
228.3077
319.6923
350.1538
563.3846
578.6154
634.4615
644.6154
751.2308
807.0769
827.3846
868
878.1538
898.4615
898.4615
883.2308
883.2308
868
868
837.5385
807.0769
791.8462
776.6154
766.4615
675.0769
670
588.7692
593.8462
502.4615
446.6154
390.7692
360.3077
365.3846
400.9231
395.8462
360.3077
350.1538
228.3077
197.8462
208
213.0769
187.6923
162.3077
152.1538
86.1538
81.0769
45.5385
40.4615
30.3077
30.3077
25.2308
20.1538
319.6923
177.5385
136.9231
86.1538
81.0769
76
76
86.1538
96.3077
91.2308
65.8462
60.7692
25.2308
30.3077
25.2308
25.2308
40.4615
50.6154
45.5385
40.4615
40.4615
40.4615
45.5385
86.1538
96.3077
106.4615
111.5385
76
40.4615
40.4615
40.4615
40.4615
50.6154
55.6923
126.7692
142
81.0769
65.8462
50.6154
40.4615
70.9231
147.0769
147.0769
116.6154
111.5385
106.4615
106.4615
187.6923
314.6154
355.2308
456.7692
487.2308
705.5385
720.7692
720.7692
720.7692
786.7692
817.2308
837.5385
873.0769
878.1538
883.2308
883.2308
827.3846
827.3846
847.6923
852.7692
822.3077
796.9231
796.9231
796.9231
791.8462
736
720.7692
380.6154
395.8462
345.0769
314.6154
340
365.3846
340
268.9231
263.8462
223.2308
228.3077
223.2308
223.2308
187.6923
172.4615
162.3077
157.2308
136.9231
45.5385
45.5385
25.2308
25.2308
25.2308
25.2308
20.1538
20.1538
319.6923
167.3846
131.8462
96.3077
91.2308
81.0769
76
81.0769
91.2308
81.0769
60.7692
55.6923
30.3077
30.3077
30.3077
30.3077
35.3846
40.4615
40.4615
35.3846
35.3846
40.4615
45.5385
81.0769
91.2308
106.4615
111.5385
76
40.4615
40.4615
40.4615
45.5385
70.9231
70.9231
131.8462
152.1538
86.1538
65.8462
55.6923
45.5385
76
177.5385
172.4615
147.0769
147.0769
142
147.0769
223.2308
350.1538
395.8462
512.6154
538
705.5385
715.6923
761.3846
766.4615
812.1538
832.4615
857.8462
893.3846
893.3846
888.3077
888.3077
847.6923
847.6923
812.1538
807.0769
791.8462
781.6923
781.6923
786.7692
776.6154
695.3846
680.1538
355.2308
370.4615
329.8462
309.5385
304.4615
309.5385
284.1538
223.2308
223.2308
182.6154
182.6154
177.5385
177.5385
157.2308
152.1538
136.9231
126.7692
111.5385
40.4615
40.4615
25.2308
25.2308
25.2308
25.2308
20.1538
20.1538
319.6923
147.0769
106.4615
121.6923
126.7692
81.0769
65.8462
70.9231
70.9231
60.7692
40.4615
40.4615
30.3077
30.3077
35.3846
40.4615
30.3077
25.2308
25.2308
25.2308
25.2308
50.6154
50.6154
65.8462
70.9231
96.3077
106.4615
70.9231
40.4615
40.4615
40.4615
50.6154
121.6923
126.7692
157.2308
167.3846
86.1538
65.8462
55.6923
50.6154
101.3846
253.6923
248.6154
228.3077
223.2308
238.4615
238.4615
324.7692
451.6923
517.6923
680.1538
680.1538
715.6923
720.7692
868
883.2308
878.1538
873.0769
903.5385
944.1538
928.9231
898.4615
898.4615
913.6923
908.6154
720.7692
700.4615
725.8462
756.3077
756.3077
761.3846
751.2308
593.8462
578.6154
279.0769
294.3077
284.1538
284.1538
213.0769
172.4615
152.1538
111.5385
106.4615
60.7692
60.7692
55.6923
55.6923
91.2308
106.4615
70.9231
40.4615
35.3846
20.1538
20.1538
20.1538
20.1538
20.1538
20.1538
20.1538
20.1538
319.6923
147.0769
106.4615
121.6923
121.6923
81.0769
65.8462
65.8462
70.9231
60.7692
40.4615
40.4615
30.3077
30.3077
40.4615
40.4615
30.3077
25.2308
25.2308
25.2308
25.2308
50.6154
50.6154
65.8462
70.9231
96.3077
106.4615
70.9231
40.4615
40.4615
40.4615
50.6154
121.6923
126.7692
157.2308
167.3846
86.1538
65.8462
55.6923
55.6923
101.3846
248.6154
248.6154
228.3077
223.2308
238.4615
238.4615
324.7692
451.6923
517.6923
675.0769
675.0769
715.6923
720.7692
868
883.2308
878.1538
873.0769
903.5385
944.1538
928.9231
898.4615
898.4615
913.6923
908.6154
720.7692
700.4615
725.8462
756.3077
756.3077
761.3846
746.1538
588.7692
578.6154
279.0769
294.3077
284.1538
284.1538
213.0769
167.3846
157.2308
116.6154
111.5385
65.8462
65.8462
60.7692
60.7692
91.2308
106.4615
70.9231
40.4615
35.3846
20.1538
20.1538
20.1538
20.1538
20.1538
20.1538
20.1538
20.1538
319.6923
223.2308
187.6923
96.3077
86.1538
55.6923
35.3846
40.4615
45.5385
45.5385
50.6154
50.6154
40.4615
40.4615
55.6923
60.7692
45.5385
40.4615
50.6154
60.7692
60.7692
65.8462
65.8462
70.9231
70.9231
55.6923
55.6923
45.5385
40.4615
55.6923
142
162.3077
279.0769
279.0769
248.6154
243.5385
126.7692
86.1538
197.8462
340
334.9231
329.8462
329.8462
243.5385
218.1538
340
355.2308
482.1538
680.1538
629.3846
538
563.3846
690.3077
700.4615
852.7692
868
898.4615
913.6923
918.7692
934
934
934
934
857.8462
852.7692
705.5385
690.3077
781.6923
878.1538
746.1538
624.3077
593.8462
223.2308
223.2308
279.0769
279.0769
213.0769
177.5385
157.2308
152.1538
131.8462
81.0769
81.0769
65.8462
60.7692
30.3077
25.2308
35.3846
40.4615
25.2308
20.1538
20.1538
20.1538
20.1538
20.1538
20.1538
25.2308
25.2308
25.2308
25.2308
319.6923
223.2308
187.6923
91.2308
86.1538
55.6923
40.4615
40.4615
40.4615
45.5385
50.6154
50.6154
40.4615
40.4615
55.6923
60.7692
45.5385
40.4615
50.6154
60.7692
65.8462
65.8462
65.8462
70.9231
70.9231
60.7692
55.6923
45.5385
45.5385
55.6923
142
162.3077
279.0769
279.0769
243.5385
243.5385
126.7692
91.2308
197.8462
340
334.9231
329.8462
329.8462
243.5385
223.2308
340
355.2308
477.0769
675.0769
629.3846
543.0769
563.3846
690.3077
695.3846
852.7692
868
898.4615
913.6923
918.7692
934
934
939.0769
934
857.8462
852.7692
705.5385
690.3077
781.6923
878.1538
746.1538
624.3077
598.9231
228.3077
228.3077
279.0769
279.0769
213.0769
177.5385
157.2308
147.0769
126.7692
81.0769
81.0769
65.8462
60.7692
30.3077
20.1538
30.3077
40.4615
30.3077
20.1538
20.1538
20.1538
20.1538
20.1538
20.1538
25.2308
25.2308
25.2308
25.2308
319.6923
197.8462
157.2308
81.0769
76
50.6154
40.4615
45.5385
45.5385
40.4615
35.3846
35.3846
50.6154
50.6154
45.5385
45.5385
65.8462
81.0769
116.6154
147.0769
147.0769
147.0769
142
55.6923
35.3846
45.5385
50.6154
126.7692
202.9231
197.8462
187.6923
213.0769
314.6154
314.6154
197.8462
172.4615
223.2308
238.4615
248.6154
263.8462
258.7692
253.6923
253.6923
375.5385
395.8462
345.0769
340
411.0769
522.7692
553.2308
634.4615
634.4615
680.1538
685.2308
852.7692
868
862.9231
868
888.3077
923.8462
923.8462
918.7692
918.7692
837.5385
832.4615
751.2308
741.0769
796.9231
857.8462
664.9231
492.3077
472
197.8462
202.9231
208
208
147.0769
111.5385
91.2308
86.1538
70.9231
40.4615
35.3846
30.3077
30.3077
25.2308
20.1538
25.2308
25.2308
20.1538
20.1538
20.1538
20.1538
20.1538
20.1538
20.1538
25.2308
30.3077
35.3846
35.3846
324.7692
187.6923
152.1538
81.0769
70.9231
50.6154
40.4615
45.5385
50.6154
40.4615
30.3077
30.3077
55.6923
55.6923
40.4615
40.4615
70.9231
96.3077
136.9231
172.4615
172.4615
172.4615
167.3846
50.6154
25.2308
40.4615
45.5385
152.1538
258.7692
248.6154
208
228.3077
329.8462
329.8462
182.6154
147.0769
248.6154
289.2308
263.8462
238.4615
233.3846
223.2308
228.3077
411.0769
451.6923
345.0769
329.8462
385.6923
477.0769
527.8462
659.8462
659.8462
680.1538
680.1538
852.7692
868
852.7692
852.7692
873.0769
918.7692
918.7692
913.6923
913.6923
827.3846
822.3077
766.4615
761.3846
807.0769
862.9231
644.6154
451.6923
436.4615
197.8462
192.7692
187.6923
187.6923
121.6923
86.1538
70.9231
65.8462
55.6923
25.2308
25.2308
20.1538
20.1538
20.1538
20.1538
20.1538
20.1538
20.1538
20.1538
20.1538
20.1538
20.1538
20.1538
20.1538
25.2308
30.3077
35.3846
40.4615
324.7692
187.6923
152.1538
91.2308
81.0769
55.6923
45.5385
50.6154
55.6923
45.5385
35.3846
40.4615
76
76
50.6154
40.4615
101.3846
131.8462
187.6923
228.3077
218.1538
136.9231
131.8462
70.9231
60.7692
91.2308
101.3846
147.0769
202.9231
192.7692
182.6154
202.9231
299.3846
299.3846
263.8462
253.6923
299.3846
319.6923
284.1538
238.4615
284.1538
416.1538
411.0769
573.5385
604
548.1538
543.0769
573.5385
629.3846
649.6923
690.3077
705.5385
791.8462
802
817.2308
817.2308
868
893.3846
898.4615
903.5385
893.3846
878.1538
878.1538
878.1538
878.1538
812.1538
807.0769
685.2308
563.3846
436.4615
329.8462
319.6923
142
142
177.5385
177.5385
96.3077
45.5385
45.5385
45.5385
35.3846
25.2308
25.2308
20.1538
20.1538
20.1538
20.1538
20.1538
20.1538
20.1538
20.1538
20.1538
20.1538
20.1538
20.1538
20.1538
25.2308
25.2308
35.3846
40.4615
324.7692
192.7692
157.2308
101.3846
96.3077
65.8462
50.6154
55.6923
55.6923
50.6154
40.4615
45.5385
96.3077
91.2308
55.6923
50.6154
121.6923
162.3077
218.1538
263.8462
253.6923
111.5385
111.5385
91.2308
86.1538
121.6923
136.9231
147.0769
162.3077
162.3077
172.4615
187.6923
284.1538
289.2308
319.6923
319.6923
334.9231
340
299.3846
243.5385
324.7692
538
532.9231
675.0769
700.4615
680.1538
680.1538
695.3846
730.9231
720.7692
710.6154
736
868
878.1538
796.9231
786.7692
883.2308
928.9231
913.6923
898.4615
883.2308
857.8462
852.7692
908.6154
913.6923
842.6154
842.6154
614.1538
375.5385
314.6154
253.6923
243.5385
106.4615
106.4615
177.5385
172.4615
81.0769
20.1538
25.2308
30.3077
25.2308
25.2308
25.2308
20.1538
20.1538
20.1538
20.1538
20.1538
20.1538
20.1538
20.1538
20.1538
20.1538
20.1538
20.1538
20.1538
25.2308
25.2308
35.3846
40.4615
324.7692
192.7692
157.2308
111.5385
106.4615
76
60.7692
55.6923
55.6923
50.6154
50.6154
55.6923
86.1538
81.0769
60.7692
55.6923
121.6923
162.3077
202.9231
238.4615
228.3077
106.4615
106.4615
106.4615
101.3846
131.8462
147.0769
157.2308
167.3846
172.4615
177.5385
197.8462
289.2308
294.3077
314.6154
324.7692
319.6923
319.6923
309.5385
294.3077
375.5385
593.8462
588.7692
690.3077
705.5385
715.6923
720.7692
715.6923
710.6154
720.7692
756.3077
771.5385
862.9231
873.0769
817.2308
812.1538
883.2308
918.7692
903.5385
893.3846
883.2308
868
862.9231
893.3846
893.3846
720.7692
705.5385
538
365.3846
294.3077
233.3846
223.2308
96.3077
101.3846
136.9231
131.8462
65.8462
20.1538
25.2308
25.2308
25.2308
25.2308
20.1538
20.1538
20.1538
20.1538
20.1538
20.1538
20.1538
20.1538
20.1538
20.1538
20.1538
20.1538
20.1538
20.1538
25.2308
25.2308
35.3846
40.4615
324.7692
187.6923
152.1538
147.0769
152.1538
116.6154
101.3846
76
55.6923
60.7692
70.9231
70.9231
65.8462
65.8462
91.2308
96.3077
136.9231
162.3077
172.4615
172.4615
167.3846
91.2308
101.3846
142
152.1538
172.4615
177.5385
182.6154
192.7692
197.8462
202.9231
223.2308
314.6154
314.6154
319.6923
324.7692
274
253.6923
334.9231
431.3846
517.6923
766.4615
756.3077
741.0769
730.9231
842.6154
857.8462
776.6154
664.9231
730.9231
883.2308
878.1538
868
868
888.3077
893.3846
888.3077
888.3077
878.1538
868
873.0769
888.3077
888.3077
857.8462
847.6923
400.9231
360.3077
340
319.6923
238.4615
167.3846
162.3077
76
70.9231
20.1538
20.1538
20.1538
20.1538
20.1538
20.1538
20.1538
20.1538
20.1538
20.1538
20.1538
20.1538
20.1538
20.1538
20.1538
20.1538
20.1538
20.1538
20.1538
20.1538
25.2308
25.2308
30.3077
30.3077
45.5385
55.6923
334.9231
187.6923
152.1538
147.0769
147.0769
111.5385
96.3077
70.9231
50.6154
55.6923
70.9231
70.9231
65.8462
65.8462
86.1538
91.2308
136.9231
162.3077
172.4615
177.5385
172.4615
91.2308
101.3846
136.9231
147.0769
167.3846
177.5385
182.6154
192.7692
192.7692
202.9231
223.2308
309.5385
314.6154
319.6923
324.7692
274
258.7692
329.8462
426.3077
507.5385
756.3077
751.2308
741.0769
725.8462
837.5385
847.6923
776.6154
664.9231
730.9231
878.1538
873.0769
868
868
883.2308
888.3077
888.3077
883.2308
878.1538
868
873.0769
888.3077
888.3077
862.9231
852.7692
411.0769
370.4615
350.1538
324.7692
243.5385
172.4615
162.3077
76
76
20.1538
20.1538
20.1538
20.1538
20.1538
20.1538
20.1538
20.1538
20.1538
20.1538
20.1538
20.1538
20.1538
20.1538
20.1538
20.1538
20.1538
20.1538
20.1538
20.1538
25.2308
25.2308
30.3077
25.2308
45.5385
50.6154
334.9231
243.5385
202.9231
111.5385
101.3846
91.2308
86.1538
55.6923
30.3077
35.3846
55.6923
55.6923
40.4615
45.5385
81.0769
86.1538
172.4615
223.2308
218.1538
218.1538
208
96.3077
96.3077
86.1538
81.0769
106.4615
116.6154
147.0769
172.4615
197.8462
329.8462
350.1538
461.8462
461.8462
375.5385
355.2308
426.3077
451.6923
517.6923
604
649.6923
786.7692
786.7692
817.2308
827.3846
807.0769
802
817.2308
842.6154
857.8462
898.4615
893.3846
888.3077
883.2308
908.6154
913.6923
873.0769
852.7692
868
888.3077
873.0769
847.6923
847.6923
654.7692
644.6154
314.6154
284.1538
233.3846
182.6154
136.9231
96.3077
96.3077
25.2308
25.2308
20.1538
20.1538
20.1538
20.1538
20.1538
20.1538
20.1538
20.1538
20.1538
20.1538
20.1538
20.1538
20.1538
25.2308
30.3077
35.3846
40.4615
35.3846
30.3077
25.2308
20.1538
20.1538
45.5385
55.6923
40.4615
40.4615
324.7692
243.5385
208
106.4615
101.3846
91.2308
86.1538
55.6923
30.3077
35.3846
55.6923
55.6923
40.4615
45.5385
81.0769
81.0769
172.4615
223.2308
223.2308
218.1538
208
91.2308
96.3077
81.0769
81.0769
101.3846
111.5385
142
167.3846
197.8462
334.9231
355.2308
466.9231
466.9231
375.5385
355.2308
431.3846
456.7692
522.7692
614.1538
654.7692
791.8462
786.7692
822.3077
827.3846
807.0769
802
817.2308
847.6923
862.9231
898.4615
893.3846
888.3077
888.3077
913.6923
913.6923
868
852.7692
868
888.3077
873.0769
847.6923
847.6923
649.6923
639.5385
314.6154
284.1538
228.3077
177.5385
136.9231
96.3077
91.2308
25.2308
25.2308
20.1538
20.1538
20.1538
20.1538
20.1538
20.1538
20.1538
20.1538
20.1538
20.1538
20.1538
20.1538
20.1538
25.2308
30.3077
35.3846
40.4615
40.4615
30.3077
30.3077
20.1538
20.1538
45.5385
55.6923
40.4615
40.4615
324.7692
208
172.4615
101.3846
96.3077
86.1538
76
50.6154
30.3077
35.3846
55.6923
55.6923
40.4615
45.5385
101.3846
111.5385
172.4615
213.0769
187.6923
172.4615
167.3846
91.2308
106.4615
248.6154
279.0769
309.5385
319.6923
360.3077
400.9231
406
431.3846
436.4615
477.0769
487.2308
609.0769
634.4615
680.1538
700.4615
680.1538
659.8462
654.7692
639.5385
639.5385
766.4615
791.8462
802
802
812.1538
827.3846
837.5385
862.9231
873.0769
913.6923
918.7692
928.9231
928.9231
898.4615
883.2308
873.0769
862.9231
842.6154
812.1538
817.2308
543.0769
532.9231
202.9231
177.5385
131.8462
91.2308
81.0769
70.9231
65.8462
25.2308
20.1538
20.1538
20.1538
20.1538
20.1538
20.1538
20.1538
20.1538
20.1538
20.1538
20.1538
20.1538
20.1538
20.1538
35.3846
45.5385
35.3846
35.3846
35.3846
25.2308
30.3077
35.3846
35.3846
35.3846
35.3846
45.5385
55.6923
334.9231
192.7692
157.2308
101.3846
96.3077
81.0769
70.9231
45.5385
25.2308
35.3846
55.6923
55.6923
35.3846
40.4615
111.5385
116.6154
172.4615
202.9231
172.4615
157.2308
147.0769
86.1538
106.4615
324.7692
365.3846
400.9231
416.1538
461.8462
502.4615
497.3846
472
477.0769
477.0769
487.2308
710.6154
756.3077
796.9231
812.1538
756.3077
690.3077
654.7692
573.5385
573.5385
746.1538
776.6154
802
807.0769
812.1538
822.3077
832.4615
847.6923
857.8462
928.9231
934
939.0769
939.0769
908.6154
898.4615
878.1538
852.7692
837.5385
796.9231
802
497.3846
492.3077
157.2308
126.7692
91.2308
55.6923
55.6923
60.7692
55.6923
20.1538
20.1538
20.1538
20.1538
20.1538
20.1538
20.1538
20.1538
20.1538
20.1538
20.1538
20.1538
20.1538
25.2308
25.2308
40.4615
50.6154
40.4615
30.3077
30.3077
25.2308
25.2308
40.4615
40.4615
35.3846
30.3077
50.6154
60.7692
340
147.0769
111.5385
70.9231
70.9231
65.8462
65.8462
70.9231
81.0769
65.8462
50.6154
60.7692
182.6154
192.7692
299.3846
319.6923
223.2308
167.3846
142
121.6923
126.7692
263.8462
268.9231
360.3077
380.6154
385.6923
385.6923
421.2308
451.6923
466.9231
558.3077
588.7692
766.4615
771.5385
807.0769
822.3077
644.6154
593.8462
619.2308
664.9231
614.1538
492.3077
497.3846
685.2308
720.7692
649.6923
644.6154
695.3846
781.6923
802
857.8462
868
928.9231
934
923.8462
923.8462
903.5385
898.4615
837.5385
761.3846
766.4615
776.6154
781.6923
395.8462
390.7692
126.7692
106.4615
70.9231
40.4615
35.3846
30.3077
30.3077
20.1538
20.1538
20.1538
20.1538
20.1538
20.1538
20.1538
20.1538
20.1538
20.1538
20.1538
20.1538
20.1538
25.2308
25.2308
30.3077
30.3077
25.2308
20.1538
25.2308
20.1538
20.1538
25.2308
30.3077
25.2308
25.2308
30.3077
35.3846
324.7692
136.9231
96.3077
65.8462
60.7692
65.8462
65.8462
81.0769
96.3077
81.0769
50.6154
60.7692
238.4615
243.5385
365.3846
390.7692
238.4615
157.2308
131.8462
111.5385
126.7692
324.7692
324.7692
375.5385
385.6923
380.6154
375.5385
406
436.4615
461.8462
588.7692
634.4615
873.0769
873.0769
842.6154
847.6923
593.8462
517.6923
578.6154
659.8462
604
472
477.0769
664.9231
700.4615
593.8462
583.6923
654.7692
771.5385
796.9231
862.9231
873.0769
934
939.0769
918.7692
918.7692
903.5385
898.4615
827.3846
725.8462
741.0769
766.4615
776.6154
360.3077
355.2308
121.6923
96.3077
65.8462
40.4615
30.3077
20.1538
20.1538
20.1538
20.1538
20.1538
20.1538
20.1538
20.1538
20.1538
20.1538
20.1538
20.1538
20.1538
20.1538
20.1538
20.1538
25.2308
25.2308
25.2308
20.1538
20.1538
20.1538
20.1538
20.1538
25.2308
25.2308
25.2308
25.2308
25.2308
30.3077
324.7692
116.6154
70.9231
55.6923
55.6923
76
91.2308
101.3846
116.6154
101.3846
76
91.2308
238.4615
243.5385
304.4615
314.6154
243.5385
208
182.6154
167.3846
177.5385
299.3846
299.3846
284.1538
284.1538
304.4615
309.5385
360.3077
406
436.4615
573.5385
578.6154
619.2308
624.3077
664.9231
675.0769
543.0769
507.5385
517.6923
532.9231
512.6154
461.8462
461.8462
598.9231
624.3077
598.9231
598.9231
664.9231
771.5385
807.0769
893.3846
898.4615
939.0769
944.1538
908.6154
908.6154
868
847.6923
822.3077
786.7692
746.1538
664.9231
670
299.3846
294.3077
136.9231
121.6923
76
30.3077
25.2308
20.1538
20.1538
20.1538
20.1538
20.1538
20.1538
20.1538
20.1538
20.1538
20.1538
20.1538
20.1538
20.1538
20.1538
20.1538
20.1538
20.1538
20.1538
20.1538
20.1538
20.1538
20.1538
20.1538
20.1538
20.1538
20.1538
25.2308
25.2308
25.2308
25.2308
324.7692
96.3077
50.6154
50.6154
50.6154
91.2308
116.6154
126.7692
131.8462
126.7692
111.5385
121.6923
243.5385
243.5385
248.6154
253.6923
258.7692
258.7692
243.5385
228.3077
228.3077
279.0769
274
197.8462
182.6154
233.3846
253.6923
319.6923
385.6923
411.0769
563.3846
527.8462
380.6154
380.6154
487.2308
512.6154
502.4615
497.3846
456.7692
411.0769
421.2308
451.6923
451.6923
532.9231
548.1538
609.0769
619.2308
675.0769
776.6154
822.3077
928.9231
928.9231
949.2308
949.2308
903.5385
898.4615
832.4615
802
817.2308
852.7692
751.2308
563.3846
568.4615
243.5385
243.5385
157.2308
147.0769
86.1538
20.1538
20.1538
20.1538
20.1538
20.1538
20.1538
20.1538
20.1538
20.1538
20.1538
20.1538
20.1538
20.1538
20.1538
20.1538
20.1538
20.1538
20.1538
20.1538
20.1538
20.1538
20.1538
20.1538
20.1538
20.1538
20.1538
20.1538
20.1538
25.2308
25.2308
25.2308
25.2308
319.6923
96.3077
50.6154
50.6154
50.6154
96.3077
116.6154
126.7692
131.8462
126.7692
116.6154
126.7692
243.5385
243.5385
248.6154
253.6923
258.7692
258.7692
243.5385
228.3077
228.3077
279.0769
274
202.9231
187.6923
238.4615
258.7692
319.6923
380.6154
406
558.3077
522.7692
385.6923
390.7692
492.3077
517.6923
497.3846
492.3077
456.7692
416.1538
421.2308
446.6154
446.6154
532.9231
548.1538
609.0769
619.2308
680.1538
776.6154
822.3077
928.9231
928.9231
944.1538
949.2308
898.4615
898.4615
832.4615
807.0769
822.3077
852.7692
746.1538
558.3077
558.3077
243.5385
238.4615
152.1538
147.0769
86.1538
20.1538
20.1538
20.1538
20.1538
20.1538
20.1538
20.1538
20.1538
20.1538
20.1538
20.1538
20.1538
20.1538
20.1538
20.1538
20.1538
20.1538
20.1538
20.1538
20.1538
20.1538
20.1538
20.1538
20.1538
20.1538
20.1538
20.1538
20.1538
25.2308
25.2308
25.2308
25.2308
319.6923
96.3077
50.6154
157.2308
172.4615
136.9231
116.6154
101.3846
81.0769
157.2308
345.0769
340
258.7692
253.6923
208
197.8462
274
319.6923
258.7692
218.1538
218.1538
202.9231
202.9231
208
202.9231
370.4615
441.5385
360.3077
284.1538
304.4615
400.9231
436.4615
624.3077
624.3077
527.8462
507.5385
395.8462
355.2308
355.2308
360.3077
334.9231
268.9231
268.9231
446.6154
472
588.7692
604
720.7692
903.5385
893.3846
888.3077
893.3846
913.6923
913.6923
837.5385
827.3846
873.0769
898.4615
888.3077
873.0769
654.7692
243.5385
243.5385
131.8462
131.8462
50.6154
40.4615
30.3077
20.1538
20.1538
20.1538
20.1538
20.1538
20.1538
20.1538
20.1538
20.1538
20.1538
20.1538
20.1538
20.1538
20.1538
20.1538
20.1538
20.1538
20.1538
20.1538
20.1538
20.1538
20.1538
20.1538
20.1538
20.1538
20.1538
20.1538
20.1538
20.1538
20.1538
20.1538
25.2308
319.6923
96.3077
55.6923
162.3077
177.5385
136.9231
116.6154
101.3846
86.1538
162.3077
350.1538
345.0769
258.7692
258.7692
208
197.8462
274
319.6923
258.7692
218.1538
213.0769
202.9231
202.9231
208
202.9231
375.5385
446.6154
365.3846
289.2308
304.4615
406
441.5385
634.4615
634.4615
527.8462
507.5385
395.8462
355.2308
355.2308
360.3077
334.9231
263.8462
268.9231
441.5385
466.9231
593.8462
609.0769
720.7692
908.6154
898.4615
888.3077
893.3846
908.6154
913.6923
832.4615
827.3846
878.1538
903.5385
888.3077
862.9231
644.6154
233.3846
228.3077
126.7692
126.7692
45.5385
40.4615
25.2308
20.1538
20.1538
20.1538
20.1538
20.1538
20.1538
20.1538
20.1538
20.1538
20.1538
20.1538
20.1538
20.1538
20.1538
20.1538
20.1538
20.1538
20.1538
20.1538
20.1538
20.1538
20.1538
20.1538
20.1538
20.1538
20.1538
20.1538
20.1538
20.1538
20.1538
20.1538
25.2308
319.6923
218.1538
182.6154
172.4615
172.4615
157.2308
152.1538
152.1538
157.2308
192.7692
279.0769
279.0769
243.5385
238.4615
192.7692
187.6923
187.6923
187.6923
182.6154
177.5385
177.5385
218.1538
218.1538
208
197.8462
350.1538
416.1538
406
400.9231
441.5385
639.5385
629.3846
609.0769
604
553.2308
543.0769
522.7692
517.6923
426.3077
319.6923
334.9231
375.5385
375.5385
451.6923
451.6923
766.4615
802
827.3846
868
878.1538
898.4615
903.5385
923.8462
923.8462
868
862.9231
888.3077
903.5385
725.8462
466.9231
375.5385
208
208
91.2308
91.2308
30.3077
25.2308
20.1538
20.1538
20.1538
20.1538
20.1538
20.1538
20.1538
20.1538
20.1538
20.1538
20.1538
20.1538
20.1538
20.1538
20.1538
20.1538
20.1538
20.1538
20.1538
20.1538
20.1538
20.1538
20.1538
20.1538
20.1538
20.1538
20.1538
20.1538
20.1538
20.1538
20.1538
30.3077
35.3846
324.7692
253.6923
218.1538
177.5385
172.4615
167.3846
162.3077
167.3846
172.4615
197.8462
263.8462
258.7692
243.5385
238.4615
187.6923
182.6154
162.3077
147.0769
157.2308
162.3077
162.3077
228.3077
228.3077
202.9231
197.8462
345.0769
411.0769
416.1538
426.3077
472
720.7692
695.3846
614.1538
609.0769
568.4615
558.3077
568.4615
578.6154
456.7692
309.5385
340
406
406
451.6923
441.5385
817.2308
857.8462
857.8462
857.8462
873.0769
903.5385
908.6154
928.9231
928.9231
878.1538
873.0769
898.4615
918.7692
690.3077
355.2308
304.4615
197.8462
197.8462
81.0769
86.1538
25.2308
20.1538
20.1538
20.1538
20.1538
20.1538
20.1538
20.1538
20.1538
20.1538
20.1538
20.1538
20.1538
20.1538
20.1538
20.1538
20.1538
20.1538
20.1538
20.1538
20.1538
20.1538
20.1538
20.1538
20.1538
20.1538
20.1538
20.1538
20.1538
20.1538
20.1538
20.1538
20.1538
35.3846
40.4615
324.7692
177.5385
136.9231
126.7692
121.6923
136.9231
147.0769
208
268.9231
253.6923
223.2308
218.1538
202.9231
202.9231
253.6923
263.8462
228.3077
213.0769
197.8462
187.6923
182.6154
167.3846
172.4615
228.3077
233.3846
334.9231
375.5385
502.4615
634.4615
588.7692
400.9231
400.9231
360.3077
360.3077
426.3077
446.6154
319.6923
279.0769
274
274
319.6923
436.4615
431.3846
598.9231
619.2308
796.9231
822.3077
847.6923
893.3846
898.4615
913.6923
918.7692
934
934
888.3077
888.3077
690.3077
593.8462
466.9231
274
274
268.9231
274
50.6154
40.4615
30.3077
30.3077
25.2308
20.1538
20.1538
20.1538
20.1538
20.1538
20.1538
20.1538
20.1538
20.1538
20.1538
20.1538
20.1538
20.1538
20.1538
20.1538
20.1538
20.1538
20.1538
20.1538
20.1538
20.1538
20.1538
20.1538
20.1538
20.1538
20.1538
20.1538
20.1538
25.2308
25.2308
25.2308
30.3077
319.6923
162.3077
126.7692
116.6154
116.6154
131.8462
142
218.1538
289.2308
263.8462
218.1538
218.1538
192.7692
197.8462
268.9231
274
238.4615
223.2308
202.9231
192.7692
187.6923
157.2308
167.3846
228.3077
243.5385
334.9231
370.4615
517.6923
670
614.1538
350.1538
350.1538
314.6154
319.6923
406
426.3077
279.0769
228.3077
243.5385
268.9231
314.6154
441.5385
436.4615
624.3077
649.6923
796.9231
812.1538
847.6923
903.5385
908.6154
918.7692
918.7692
934
934
893.3846
888.3077
654.7692
538
426.3077
258.7692
274
284.1538
289.2308
40.4615
30.3077
30.3077
30.3077
25.2308
20.1538
20.1538
20.1538
20.1538
20.1538
20.1538
20.1538
20.1538
20.1538
20.1538
20.1538
20.1538
20.1538
20.1538
20.1538
20.1538
20.1538
20.1538
20.1538
20.1538
20.1538
20.1538
20.1538
20.1538
20.1538
20.1538
20.1538
20.1538
25.2308
25.2308
25.2308
25.2308
319.6923
131.8462
91.2308
91.2308
96.3077
218.1538
279.0769
284.1538
294.3077
274
218.1538
223.2308
253.6923
258.7692
329.8462
340
334.9231
334.9231
314.6154
299.3846
294.3077
218.1538
228.3077
314.6154
334.9231
370.4615
380.6154
456.7692
538
497.3846
345.0769
350.1538
340
340
309.5385
304.4615
208
177.5385
248.6154
329.8462
350.1538
421.2308
426.3077
634.4615
670
796.9231
817.2308
842.6154
893.3846
903.5385
928.9231
923.8462
928.9231
928.9231
832.4615
827.3846
604
497.3846
426.3077
329.8462
274
172.4615
172.4615
45.5385
40.4615
25.2308
25.2308
20.1538
20.1538
20.1538
20.1538
20.1538
20.1538
20.1538
20.1538
20.1538
20.1538
20.1538
20.1538
20.1538
20.1538
20.1538
20.1538
20.1538
20.1538
20.1538
20.1538
20.1538
20.1538
20.1538
20.1538
20.1538
20.1538
20.1538
20.1538
20.1538
20.1538
25.2308
25.2308
25.2308
319.6923
106.4615
60.7692
60.7692
65.8462
309.5385
431.3846
360.3077
304.4615
279.0769
218.1538
223.2308
329.8462
334.9231
400.9231
416.1538
446.6154
466.9231
441.5385
426.3077
416.1538
289.2308
304.4615
421.2308
441.5385
411.0769
400.9231
390.7692
385.6923
375.5385
340
345.0769
370.4615
365.3846
208
172.4615
136.9231
121.6923
248.6154
400.9231
400.9231
406
411.0769
654.7692
690.3077
802
817.2308
842.6154
888.3077
903.5385
939.0769
934
918.7692
918.7692
766.4615
761.3846
553.2308
451.6923
436.4615
411.0769
289.2308
50.6154
50.6154
55.6923
55.6923
20.1538
20.1538
20.1538
20.1538
20.1538
20.1538
20.1538
20.1538
20.1538
20.1538
20.1538
20.1538
20.1538
20.1538
20.1538
20.1538
20.1538
20.1538
20.1538
20.1538
20.1538
20.1538
20.1538
20.1538
20.1538
20.1538
20.1538
20.1538
20.1538
20.1538
20.1538
20.1538
20.1538
25.2308
30.3077
324.7692
126.7692
86.1538
116.6154
121.6923
274
350.1538
324.7692
304.4615
299.3846
289.2308
294.3077
340
350.1538
502.4615
527.8462
517.6923
522.7692
466.9231
436.4615
426.3077
314.6154
329.8462
482.1538
517.6923
461.8462
441.5385
411.0769
380.6154
370.4615
329.8462
324.7692
304.4615
299.3846
197.8462
177.5385
162.3077
157.2308
223.2308
309.5385
324.7692
375.5385
380.6154
675.0769
720.7692
812.1538
822.3077
847.6923
883.2308
898.4615
939.0769
934
893.3846
893.3846
720.7692
710.6154
568.4615
502.4615
426.3077
319.6923
238.4615
76
76
50.6154
50.6154
20.1538
20.1538
20.1538
20.1538
20.1538
20.1538
20.1538
20.1538
20.1538
20.1538
20.1538
20.1538
20.1538
20.1538
20.1538
20.1538
20.1538
20.1538
20.1538
20.1538
20.1538
20.1538
20.1538
20.1538
20.1538
20.1538
20.1538
20.1538
20.1538
20.1538
20.1538
20.1538
20.1538
30.3077
35.3846
324.7692
167.3846
131.8462
228.3077
238.4615
208
192.7692
258.7692
314.6154
350.1538
431.3846
431.3846
365.3846
385.6923
700.4615
751.2308
670
624.3077
527.8462
451.6923
446.6154
365.3846
385.6923
614.1538
664.9231
568.4615
532.9231
446.6154
375.5385
365.3846
314.6154
294.3077
177.5385
177.5385
187.6923
187.6923
213.0769
218.1538
177.5385
131.8462
187.6923
329.8462
329.8462
715.6923
786.7692
832.4615
842.6154
852.7692
873.0769
893.3846
944.1538
928.9231
847.6923
837.5385
624.3077
609.0769
604
604
416.1538
136.9231
142
136.9231
131.8462
50.6154
50.6154
20.1538
20.1538
20.1538
20.1538
20.1538
20.1538
20.1538
20.1538
20.1538
20.1538
20.1538
20.1538
20.1538
20.1538
20.1538
20.1538
20.1538
20.1538
20.1538
20.1538
20.1538
20.1538
20.1538
20.1538
20.1538
20.1538
20.1538
20.1538
20.1538
20.1538
20.1538
20.1538
20.1538
40.4615
50.6154
329.8462
182.6154
147.0769
223.2308
233.3846
202.9231
192.7692
258.7692
309.5385
345.0769
436.4615
436.4615
390.7692
411.0769
690.3077
736
654.7692
614.1538
522.7692
451.6923
446.6154
380.6154
395.8462
609.0769
654.7692
558.3077
522.7692
436.4615
360.3077
350.1538
299.3846
284.1538
177.5385
177.5385
182.6154
182.6154
202.9231
213.0769
172.4615
131.8462
192.7692
340
334.9231
710.6154
776.6154
837.5385
842.6154
852.7692
878.1538
898.4615
944.1538
923.8462
827.3846
822.3077
629.3846
619.2308
593.8462
588.7692
406
147.0769
142
131.8462
126.7692
50.6154
45.5385
20.1538
20.1538
20.1538
20.1538
20.1538
20.1538
20.1538
20.1538
20.1538
20.1538
20.1538
20.1538
20.1538
20.1538
20.1538
20.1538
20.1538
20.1538
20.1538
20.1538
20.1538
20.1538
20.1538
20.1538
20.1538
20.1538
20.1538
20.1538
20.1538
20.1538
20.1538
20.1538
20.1538
40.4615
50.6154
329.8462
340
304.4615
208
197.8462
213.0769
218.1538
243.5385
268.9231
345.0769
522.7692
538
751.2308
746.1538
604
583.6923
517.6923
482.1538
472
461.8462
466.9231
593.8462
588.7692
558.3077
553.2308
436.4615
395.8462
294.3077
208
192.7692
116.6154
126.7692
157.2308
157.2308
81.0769
70.9231
106.4615
116.6154
106.4615
101.3846
187.6923
431.3846
426.3077
609.0769
629.3846
832.4615
857.8462
883.2308
928.9231
923.8462
918.7692
873.0769
609.0769
588.7692
680.1538
690.3077
487.2308
385.6923
309.5385
192.7692
152.1538
70.9231
70.9231
25.2308
25.2308
20.1538
20.1538
20.1538
20.1538
20.1538
20.1538
20.1538
20.1538
20.1538
20.1538
20.1538
20.1538
20.1538
20.1538
20.1538
20.1538
20.1538
20.1538
20.1538
20.1538
20.1538
20.1538
20.1538
20.1538
20.1538
20.1538
20.1538
20.1538
20.1538
20.1538
20.1538
20.1538
20.1538
70.9231
91.2308
350.1538
360.3077
329.8462
202.9231
192.7692
213.0769
223.2308
243.5385
258.7692
340
527.8462
548.1538
802
796.9231
598.9231
568.4615
502.4615
472
466.9231
461.8462
472
624.3077
619.2308
558.3077
548.1538
426.3077
380.6154
279.0769
187.6923
172.4615
96.3077
106.4615
162.3077
157.2308
70.9231
50.6154
96.3077
106.4615
101.3846
91.2308
182.6154
441.5385
436.4615
593.8462
609.0769
832.4615
857.8462
888.3077
939.0769
928.9231
913.6923
862.9231
573.5385
553.2308
690.3077
705.5385
472
365.3846
299.3846
202.9231
152.1538
60.7692
60.7692
20.1538
20.1538
20.1538
20.1538
20.1538
20.1538
20.1538
20.1538
20.1538
20.1538
20.1538
20.1538
20.1538
20.1538
20.1538
20.1538
20.1538
20.1538
20.1538
20.1538
20.1538
20.1538
20.1538
20.1538
20.1538
20.1538
20.1538
20.1538
20.1538
20.1538
20.1538
20.1538
20.1538
25.2308
20.1538
76
91.2308
355.2308
329.8462
294.3077
248.6154
243.5385
238.4615
238.4615
324.7692
400.9231
482.1538
675.0769
675.0769
644.6154
629.3846
350.1538
309.5385
375.5385
416.1538
431.3846
436.4615
441.5385
461.8462
451.6923
360.3077
345.0769
279.0769
253.6923
218.1538
182.6154
167.3846
106.4615
101.3846
70.9231
70.9231
81.0769
86.1538
60.7692
55.6923
116.6154
187.6923
258.7692
451.6923
446.6154
680.1538
720.7692
817.2308
832.4615
852.7692
888.3077
883.2308
878.1538
857.8462
730.9231
720.7692
690.3077
690.3077
395.8462
253.6923
192.7692
101.3846
86.1538
70.9231
70.9231
25.2308
20.1538
20.1538
20.1538
20.1538
20.1538
20.1538
20.1538
20.1538
20.1538
20.1538
20.1538
20.1538
20.1538
20.1538
20.1538
20.1538
20.1538
20.1538
20.1538
20.1538
20.1538
20.1538
20.1538
20.1538
20.1538
20.1538
20.1538
20.1538
20.1538
20.1538
25.2308
25.2308
35.3846
35.3846
126.7692
152.1538
400.9231
319.6923
289.2308
258.7692
253.6923
248.6154
238.4615
345.0769
441.5385
522.7692
720.7692
715.6923
604
588.7692
284.1538
238.4615
340
406
421.2308
431.3846
431.3846
421.2308
416.1538
314.6154
294.3077
243.5385
228.3077
197.8462
177.5385
167.3846
106.4615
101.3846
40.4615
40.4615
86.1538
96.3077
55.6923
40.4615
121.6923
218.1538
279.0769
451.6923
451.6923
705.5385
751.2308
817.2308
827.3846
842.6154
873.0769
873.0769
873.0769
857.8462
776.6154
771.5385
695.3846
690.3077
375.5385
228.3077
162.3077
76
70.9231
70.9231
70.9231
25.2308
20.1538
20.1538
20.1538
20.1538
20.1538
20.1538
20.1538
20.1538
20.1538
20.1538
20.1538
20.1538
20.1538
20.1538
20.1538
20.1538
20.1538
20.1538
20.1538
20.1538
20.1538
20.1538
20.1538
20.1538
20.1538
20.1538
20.1538
20.1538
20.1538
20.1538
25.2308
25.2308
35.3846
35.3846
136.9231
172.4615
411.0769
268.9231
233.3846
233.3846
238.4615
253.6923
258.7692
319.6923
375.5385
426.3077
563.3846
553.2308
436.4615
436.4615
319.6923
299.3846
365.3846
400.9231
406
411.0769
406
375.5385
365.3846
238.4615
213.0769
197.8462
187.6923
172.4615
157.2308
142
86.1538
86.1538
55.6923
55.6923
65.8462
65.8462
55.6923
50.6154
147.0769
274
340
532.9231
532.9231
736
766.4615
847.6923
852.7692
842.6154
832.4615
852.7692
898.4615
868
736
725.8462
614.1538
609.0769
355.2308
233.3846
172.4615
86.1538
76
60.7692
60.7692
20.1538
20.1538
20.1538
20.1538
20.1538
20.1538
20.1538
20.1538
20.1538
20.1538
20.1538
20.1538
20.1538
20.1538
20.1538
20.1538
20.1538
20.1538
20.1538
20.1538
20.1538
20.1538
20.1538
20.1538
20.1538
20.1538
20.1538
20.1538
20.1538
20.1538
25.2308
35.3846
30.3077
96.3077
111.5385
243.5385
289.2308
497.3846
192.7692
157.2308
213.0769
218.1538
268.9231
294.3077
284.1538
279.0769
294.3077
340
329.8462
202.9231
213.0769
375.5385
400.9231
400.9231
400.9231
380.6154
375.5385
365.3846
309.5385
299.3846
126.7692
96.3077
126.7692
142
131.8462
126.7692
111.5385
55.6923
60.7692
76
70.9231
35.3846
30.3077
60.7692
70.9231
192.7692
355.2308
436.4615
659.8462
654.7692
781.6923
796.9231
888.3077
903.5385
852.7692
781.6923
827.3846
939.0769
893.3846
675.0769
659.8462
502.4615
492.3077
319.6923
238.4615
182.6154
96.3077
76
50.6154
50.6154
20.1538
20.1538
20.1538
20.1538
20.1538
20.1538
20.1538
20.1538
20.1538
20.1538
20.1538
20.1538
20.1538
20.1538
20.1538
20.1538
20.1538
20.1538
20.1538
20.1538
20.1538
20.1538
20.1538
20.1538
20.1538
20.1538
20.1538
20.1538
20.1538
25.2308
30.3077
45.5385
45.5385
177.5385
213.0769
406
461.8462
634.4615
213.0769
177.5385
208
213.0769
248.6154
263.8462
268.9231
268.9231
284.1538
314.6154
309.5385
208
213.0769
370.4615
390.7692
380.6154
375.5385
345.0769
329.8462
324.7692
258.7692
258.7692
147.0769
126.7692
121.6923
121.6923
116.6154
111.5385
101.3846
55.6923
55.6923
65.8462
65.8462
50.6154
45.5385
70.9231
81.0769
208
375.5385
446.6154
659.8462
654.7692
756.3077
766.4615
862.9231
873.0769
847.6923
802
837.5385
923.8462
888.3077
685.2308
675.0769
497.3846
487.2308
309.5385
223.2308
167.3846
91.2308
76
45.5385
45.5385
20.1538
20.1538
20.1538
20.1538
20.1538
20.1538
20.1538
20.1538
20.1538
20.1538
20.1538
20.1538
20.1538
20.1538
20.1538
20.1538
20.1538
20.1538
20.1538
20.1538
20.1538
20.1538
20.1538
20.1538
20.1538
20.1538
20.1538
20.1538
20.1538
30.3077
30.3077
50.6154
50.6154
218.1538
263.8462
456.7692
517.6923
675.0769
279.0769
243.5385
197.8462
192.7692
167.3846
152.1538
202.9231
248.6154
238.4615
223.2308
223.2308
202.9231
213.0769
365.3846
385.6923
314.6154
279.0769
197.8462
136.9231
131.8462
65.8462
81.0769
228.3077
263.8462
101.3846
40.4615
45.5385
50.6154
45.5385
40.4615
40.4615
30.3077
30.3077
101.3846
111.5385
121.6923
126.7692
274
461.8462
507.5385
649.6923
649.6923
649.6923
639.5385
761.3846
776.6154
812.1538
868
873.0769
888.3077
868
741.0769
730.9231
477.0769
456.7692
258.7692
162.3077
126.7692
76
60.7692
25.2308
25.2308
20.1538
20.1538
20.1538
20.1538
20.1538
20.1538
20.1538
20.1538
20.1538
20.1538
20.1538
20.1538
20.1538
20.1538
20.1538
20.1538
20.1538
20.1538
20.1538
20.1538
20.1538
20.1538
20.1538
20.1538
20.1538
20.1538
20.1538
20.1538
25.2308
40.4615
45.5385
81.0769
70.9231
395.8462
487.2308
695.3846
761.3846
852.7692
253.6923
218.1538
187.6923
187.6923
157.2308
147.0769
192.7692
233.3846
223.2308
197.8462
197.8462
177.5385
187.6923
309.5385
329.8462
263.8462
228.3077
172.4615
136.9231
131.8462
106.4615
111.5385
202.9231
223.2308
91.2308
40.4615
45.5385
50.6154
45.5385
40.4615
40.4615
30.3077
30.3077
91.2308
101.3846
131.8462
142
274
441.5385
492.3077
639.5385
639.5385
664.9231
670
776.6154
796.9231
827.3846
878.1538
883.2308
883.2308
868
766.4615
756.3077
461.8462
441.5385
248.6154
152.1538
116.6154
65.8462
50.6154
25.2308
25.2308
20.1538
20.1538
20.1538
20.1538
20.1538
20.1538
20.1538
20.1538
20.1538
20.1538
20.1538
20.1538
20.1538
20.1538
20.1538
20.1538
20.1538
20.1538
20.1538
20.1538
20.1538
20.1538
20.1538
20.1538
20.1538
20.1538
20.1538
20.1538
25.2308
40.4615
50.6154
106.4615
96.3077
390.7692
477.0769
710.6154
781.6923
873.0769
162.3077
126.7692
157.2308
157.2308
126.7692
111.5385
147.0769
177.5385
157.2308
101.3846
101.3846
106.4615
106.4615
136.9231
142
96.3077
70.9231
96.3077
111.5385
116.6154
228.3077
218.1538
116.6154
91.2308
60.7692
40.4615
45.5385
50.6154
45.5385
40.4615
35.3846
25.2308
25.2308
55.6923
55.6923
162.3077
202.9231
284.1538
385.6923
441.5385
604
604
741.0769
761.3846
837.5385
847.6923
873.0769
923.8462
903.5385
873.0769
868
857.8462
857.8462
426.3077
390.7692
213.0769
126.7692
86.1538
25.2308
25.2308
20.1538
20.1538
20.1538
20.1538
20.1538
20.1538
20.1538
20.1538
20.1538
20.1538
20.1538
20.1538
20.1538
20.1538
20.1538
20.1538
20.1538
20.1538
20.1538
20.1538
20.1538
20.1538
20.1538
20.1538
20.1538
20.1538
20.1538
20.1538
20.1538
20.1538
25.2308
40.4615
60.7692
182.6154
177.5385
390.7692
451.6923
771.5385
868
939.0769
162.3077
126.7692
157.2308
162.3077
126.7692
111.5385
147.0769
182.6154
157.2308
101.3846
101.3846
106.4615
111.5385
136.9231
142
96.3077
70.9231
96.3077
111.5385
121.6923
238.4615
223.2308
116.6154
96.3077
60.7692
40.4615
45.5385
50.6154
45.5385
40.4615
35.3846
25.2308
25.2308
50.6154
55.6923
167.3846
202.9231
284.1538
390.7692
446.6154
604
604
736
756.3077
832.4615
842.6154
873.0769
918.7692
903.5385
873.0769
868
862.9231
868
426.3077
390.7692
218.1538
131.8462
91.2308
30.3077
25.2308
20.1538
20.1538
20.1538
20.1538
20.1538
20.1538
20.1538
20.1538
20.1538
20.1538
20.1538
20.1538
20.1538
20.1538
20.1538
20.1538
20.1538
20.1538
20.1538
20.1538
20.1538
20.1538
20.1538
20.1538
20.1538
20.1538
20.1538
20.1538
20.1538
20.1538
20.1538
40.4615
60.7692
177.5385
172.4615
380.6154
436.4615
766.4615
868
939.0769
187.6923
147.0769
131.8462
131.8462
147.0769
152.1538
126.7692
106.4615
96.3077
70.9231
65.8462
50.6154
55.6923
131.8462
147.0769
106.4615
91.2308
96.3077
101.3846
96.3077
86.1538
86.1538
45.5385
40.4615
35.3846
35.3846
25.2308
25.2308
25.2308
25.2308
20.1538
25.2308
30.3077
65.8462
70.9231
126.7692
147.0769
218.1538
304.4615
365.3846
543.0769
543.0769
736
761.3846
888.3077
908.6154
918.7692
939.0769
918.7692
878.1538
842.6154
639.5385
629.3846
299.3846
274
131.8462
65.8462
45.5385
20.1538
20.1538
20.1538
20.1538
20.1538
20.1538
20.1538
20.1538
20.1538
20.1538
20.1538
20.1538
20.1538
20.1538
20.1538
20.1538
20.1538
20.1538
20.1538
20.1538
20.1538
20.1538
20.1538
20.1538
20.1538
20.1538
20.1538
20.1538
25.2308
25.2308
25.2308
25.2308
30.3077
81.0769
101.3846
228.3077
213.0769
690.3077
832.4615
893.3846
918.7692
974.6154
192.7692
157.2308
126.7692
126.7692
152.1538
162.3077
121.6923
96.3077
86.1538
65.8462
65.8462
45.5385
45.5385
131.8462
147.0769
111.5385
96.3077
96.3077
96.3077
91.2308
60.7692
60.7692
35.3846
30.3077
30.3077
30.3077
25.2308
20.1538
20.1538
20.1538
20.1538
25.2308
30.3077
65.8462
76
121.6923
136.9231
208
289.2308
355.2308
538
532.9231
736
761.3846
903.5385
918.7692
928.9231
944.1538
923.8462
883.2308
837.5385
604
588.7692
279.0769
253.6923
121.6923
50.6154
35.3846
20.1538
20.1538
20.1538
20.1538
20.1538
20.1538
20.1538
20.1538
20.1538
20.1538
20.1538
20.1538
20.1538
20.1538
20.1538
20.1538
20.1538
20.1538
20.1538
20.1538
20.1538
20.1538
20.1538
20.1538
20.1538
20.1538
20.1538
20.1538
25.2308
30.3077
25.2308
25.2308
35.3846
91.2308
111.5385
243.5385
223.2308
751.2308
913.6923
918.7692
928.9231
984.7692
162.3077
126.7692
157.2308
162.3077
136.9231
121.6923
152.1538
177.5385
142
65.8462
65.8462
40.4615
45.5385
136.9231
152.1538
96.3077
65.8462
65.8462
70.9231
65.8462
50.6154
50.6154
30.3077
25.2308
30.3077
25.2308
20.1538
20.1538
20.1538
20.1538
25.2308
35.3846
35.3846
70.9231
76
116.6154
131.8462
228.3077
350.1538
436.4615
670
670
807.0769
827.3846
923.8462
939.0769
928.9231
928.9231
913.6923
883.2308
822.3077
487.2308
466.9231
253.6923
238.4615
111.5385
55.6923
40.4615
25.2308
20.1538
20.1538
20.1538
20.1538
20.1538
20.1538
20.1538
20.1538
20.1538
20.1538
20.1538
20.1538
20.1538
20.1538
20.1538
20.1538
20.1538
20.1538
20.1538
20.1538
20.1538
20.1538
20.1538
20.1538
20.1538
20.1538
20.1538
25.2308
25.2308
45.5385
65.8462
76
167.3846
233.3846
588.7692
593.8462
842.6154
923.8462
928.9231
934
989.8462
136.9231
101.3846
187.6923
192.7692
126.7692
91.2308
172.4615
243.5385
187.6923
65.8462
65.8462
40.4615
45.5385
136.9231
157.2308
76
40.4615
40.4615
40.4615
40.4615
40.4615
40.4615
25.2308
20.1538
20.1538
20.1538
20.1538
20.1538
20.1538
20.1538
25.2308
50.6154
50.6154
70.9231
76
111.5385
126.7692
248.6154
406
502.4615
796.9231
786.7692
873.0769
888.3077
944.1538
954.3077
934
913.6923
903.5385
883.2308
812.1538
390.7692
360.3077
228.3077
223.2308
111.5385
60.7692
45.5385
25.2308
25.2308
20.1538
20.1538
20.1538
20.1538
20.1538
20.1538
20.1538
20.1538
20.1538
20.1538
20.1538
20.1538
20.1538
20.1538
20.1538
20.1538
20.1538
20.1538
20.1538
20.1538
20.1538
20.1538
20.1538
20.1538
20.1538
20.1538
20.1538
20.1538
60.7692
96.3077
111.5385
233.3846
334.9231
898.4615
918.7692
928.9231
928.9231
934
944.1538
994.9231
157.2308
121.6923
152.1538
157.2308
116.6154
96.3077
147.0769
197.8462
152.1538
55.6923
50.6154
40.4615
45.5385
101.3846
116.6154
65.8462
35.3846
40.4615
45.5385
45.5385
35.3846
30.3077
25.2308
20.1538
20.1538
20.1538
20.1538
20.1538
20.1538
25.2308
25.2308
40.4615
40.4615
70.9231
76
142
162.3077
304.4615
487.2308
563.3846
791.8462
786.7692
883.2308
898.4615
949.2308
954.3077
939.0769
918.7692
898.4615
847.6923
791.8462
426.3077
400.9231
228.3077
218.1538
101.3846
45.5385
35.3846
20.1538
20.1538
20.1538
20.1538
20.1538
20.1538
20.1538
20.1538
20.1538
20.1538
20.1538
20.1538
20.1538
20.1538
20.1538
20.1538
20.1538
20.1538
20.1538
20.1538
20.1538
20.1538
20.1538
20.1538
20.1538
20.1538
20.1538
20.1538
25.2308
30.3077
81.0769
131.8462
157.2308
324.7692
411.0769
883.2308
898.4615
918.7692
923.8462
928.9231
934
989.8462
192.7692
152.1538
86.1538
81.0769
96.3077
101.3846
101.3846
106.4615
86.1538
30.3077
30.3077
40.4615
40.4615
30.3077
30.3077
30.3077
30.3077
50.6154
60.7692
55.6923
20.1538
20.1538
20.1538
20.1538
20.1538
20.1538
20.1538
20.1538
20.1538
30.3077
25.2308
20.1538
25.2308
70.9231
70.9231
213.0769
258.7692
436.4615
664.9231
690.3077
791.8462
786.7692
908.6154
934
959.3846
959.3846
949.2308
939.0769
893.3846
791.8462
751.2308
502.4615
487.2308
228.3077
213.0769
86.1538
25.2308
20.1538
20.1538
20.1538
20.1538
20.1538
20.1538
20.1538
20.1538
20.1538
20.1538
20.1538
20.1538
20.1538
20.1538
20.1538
20.1538
20.1538
20.1538
20.1538
20.1538
20.1538
20.1538
20.1538
20.1538
20.1538
20.1538
20.1538
20.1538
25.2308
45.5385
55.6923
131.8462
213.0769
253.6923
512.6154
558.3077
857.8462
868
908.6154
918.7692
913.6923
913.6923
974.6154
167.3846
131.8462
81.0769
81.0769
96.3077
101.3846
96.3077
91.2308
70.9231
30.3077
30.3077
35.3846
35.3846
30.3077
30.3077
30.3077
35.3846
45.5385
50.6154
45.5385
20.1538
20.1538
20.1538
20.1538
20.1538
20.1538
20.1538
20.1538
20.1538
30.3077
25.2308
25.2308
25.2308
70.9231
76
223.2308
274
441.5385
664.9231
700.4615
827.3846
827.3846
918.7692
934
954.3077
959.3846
939.0769
913.6923
868
776.6154
736
461.8462
441.5385
192.7692
177.5385
81.0769
30.3077
25.2308
20.1538
20.1538
20.1538
20.1538
20.1538
20.1538
20.1538
20.1538
20.1538
20.1538
20.1538
20.1538
20.1538
20.1538
20.1538
20.1538
20.1538
20.1538
20.1538
20.1538
20.1538
20.1538
20.1538
20.1538
20.1538
20.1538
25.2308
25.2308
45.5385
55.6923
152.1538
248.6154
284.1538
527.8462
568.4615
857.8462
868
908.6154
923.8462
913.6923
913.6923
974.6154
101.3846
60.7692
70.9231
76
96.3077
106.4615
65.8462
35.3846
35.3846
30.3077
30.3077
30.3077
30.3077
25.2308
25.2308
35.3846
40.4615
30.3077
20.1538
20.1538
20.1538
20.1538
20.1538
20.1538
20.1538
20.1538
20.1538
20.1538
20.1538
20.1538
25.2308
40.4615
40.4615
91.2308
96.3077
274
329.8462
477.0769
670
741.0769
944.1538
944.1538
939.0769
939.0769
949.2308
949.2308
903.5385
847.6923
812.1538
746.1538
685.2308
334.9231
314.6154
96.3077
81.0769
50.6154
40.4615
30.3077
20.1538
20.1538
20.1538
20.1538
20.1538
20.1538
20.1538
20.1538
20.1538
20.1538
20.1538
20.1538
20.1538
20.1538
20.1538
20.1538
20.1538
20.1538
20.1538
20.1538
20.1538
20.1538
20.1538
20.1538
30.3077
30.3077
35.3846
40.4615
55.6923
60.7692
218.1538
360.3077
390.7692
578.6154
614.1538
852.7692
862.9231
918.7692
934
913.6923
913.6923
974.6154
101.3846
60.7692
70.9231
76
96.3077
106.4615
65.8462
40.4615
35.3846
30.3077
30.3077
30.3077
30.3077
25.2308
25.2308
35.3846
40.4615
25.2308
20.1538
20.1538
20.1538
20.1538
20.1538
20.1538
20.1538
20.1538
20.1538
20.1538
20.1538
20.1538
25.2308
40.4615
40.4615
86.1538
91.2308
258.7692
314.6154
472
664.9231
736
944.1538
939.0769
939.0769
939.0769
949.2308
949.2308
908.6154
847.6923
812.1538
751.2308
690.3077
345.0769
319.6923
106.4615
86.1538
55.6923
35.3846
30.3077
20.1538
20.1538
20.1538
20.1538
20.1538
20.1538
20.1538
20.1538
20.1538
20.1538
20.1538
20.1538
20.1538
20.1538
20.1538
20.1538
20.1538
20.1538
20.1538
20.1538
20.1538
20.1538
20.1538
20.1538
30.3077
30.3077
35.3846
40.4615
50.6154
55.6923
208
350.1538
375.5385
568.4615
609.0769
852.7692
857.8462
913.6923
934
913.6923
913.6923
969.5385
162.3077
126.7692
136.9231
136.9231
116.6154
106.4615
81.0769
65.8462
50.6154
20.1538
20.1538
20.1538
20.1538
25.2308
25.2308
25.2308
20.1538
20.1538
20.1538
20.1538
20.1538
20.1538
20.1538
20.1538
20.1538
20.1538
20.1538
20.1538
25.2308
45.5385
50.6154
50.6154
60.7692
238.4615
274
568.4615
670
720.7692
786.7692
827.3846
954.3077
954.3077
954.3077
954.3077
949.2308
949.2308
918.7692
878.1538
817.2308
690.3077
634.4615
294.3077
274
70.9231
55.6923
35.3846
25.2308
25.2308
25.2308
20.1538
20.1538
20.1538
20.1538
20.1538
20.1538
20.1538
20.1538
20.1538
20.1538
20.1538
20.1538
20.1538
20.1538
20.1538
20.1538
25.2308
30.3077
30.3077
30.3077
45.5385
86.1538
76
40.4615
40.4615
60.7692
65.8462
202.9231
263.8462
360.3077
446.6154
497.3846
822.3077
822.3077
923.8462
928.9231
934
934
934
934
989.8462
167.3846
131.8462
142
136.9231
116.6154
106.4615
86.1538
65.8462
50.6154
20.1538
20.1538
20.1538
20.1538
20.1538
25.2308
20.1538
20.1538
20.1538
20.1538
20.1538
20.1538
20.1538
20.1538
20.1538
20.1538
20.1538
20.1538
20.1538
25.2308
50.6154
50.6154
50.6154
60.7692
248.6154
279.0769
588.7692
690.3077
736
796.9231
837.5385
954.3077
954.3077
954.3077
954.3077
949.2308
949.2308
918.7692
883.2308
822.3077
690.3077
634.4615
294.3077
268.9231
65.8462
55.6923
35.3846
25.2308
25.2308
25.2308
25.2308
20.1538
20.1538
20.1538
20.1538
20.1538
20.1538
20.1538
20.1538
20.1538
20.1538
20.1538
20.1538
20.1538
20.1538
20.1538
25.2308
30.3077
30.3077
30.3077
45.5385
86.1538
81.0769
40.4615
40.4615
65.8462
65.8462
213.0769
268.9231
365.3846
451.6923
502.4615
832.4615
832.4615
928.9231
934
934
934
934
939.0769
989.8462
243.5385
208
177.5385
177.5385
106.4615
76
60.7692
45.5385
35.3846
25.2308
25.2308
25.2308
25.2308
20.1538
20.1538
20.1538
20.1538
20.1538
20.1538
20.1538
20.1538
20.1538
20.1538
20.1538
20.1538
20.1538
25.2308
25.2308
30.3077
60.7692
70.9231
126.7692
131.8462
324.7692
355.2308
670
771.5385
812.1538
868
888.3077
959.3846
959.3846
954.3077
954.3077
944.1538
939.0769
903.5385
852.7692
771.5385
588.7692
548.1538
279.0769
258.7692
65.8462
55.6923
35.3846
25.2308
25.2308
25.2308
25.2308
20.1538
20.1538
20.1538
20.1538
20.1538
20.1538
20.1538
20.1538
20.1538
20.1538
20.1538
25.2308
25.2308
25.2308
25.2308
30.3077
35.3846
30.3077
30.3077
40.4615
55.6923
55.6923
45.5385
45.5385
76
76
268.9231
345.0769
456.7692
558.3077
604
883.2308
883.2308
939.0769
944.1538
939.0769
939.0769
944.1538
944.1538
994.9231
329.8462
299.3846
223.2308
218.1538
101.3846
40.4615
35.3846
25.2308
25.2308
30.3077
30.3077
25.2308
25.2308
20.1538
20.1538
20.1538
20.1538
20.1538
20.1538
20.1538
20.1538
20.1538
20.1538
20.1538
25.2308
25.2308
30.3077
30.3077
40.4615
70.9231
96.3077
213.0769
223.2308
411.0769
441.5385
766.4615
873.0769
908.6154
949.2308
954.3077
959.3846
959.3846
954.3077
954.3077
934
934
888.3077
827.3846
720.7692
482.1538
456.7692
263.8462
248.6154
70.9231
55.6923
35.3846
25.2308
25.2308
25.2308
25.2308
20.1538
20.1538
20.1538
20.1538
20.1538
20.1538
20.1538
20.1538
20.1538
20.1538
20.1538
30.3077
30.3077
30.3077
30.3077
40.4615
40.4615
35.3846
30.3077
30.3077
25.2308
30.3077
50.6154
50.6154
86.1538
86.1538
329.8462
431.3846
568.4615
685.2308
715.6923
944.1538
939.0769
954.3077
954.3077
949.2308
944.1538
949.2308
949.2308
1000
309.5385
279.0769
197.8462
182.6154
91.2308
45.5385
35.3846
25.2308
25.2308
25.2308
25.2308
25.2308
20.1538
20.1538
20.1538
20.1538
20.1538
20.1538
20.1538
20.1538
20.1538
20.1538
20.1538
20.1538
20.1538
20.1538
25.2308
25.2308
35.3846
86.1538
116.6154
274
284.1538
482.1538
522.7692
776.6154
862.9231
903.5385
959.3846
959.3846
959.3846
959.3846
954.3077
949.2308
934
934
873.0769
786.7692
690.3077
472
441.5385
223.2308
208
76
65.8462
35.3846
25.2308
25.2308
30.3077
25.2308
20.1538
20.1538
20.1538
20.1538
20.1538
20.1538
25.2308
30.3077
30.3077
35.3846
30.3077
25.2308
25.2308
30.3077
30.3077
30.3077
30.3077
25.2308
25.2308
20.1538
20.1538
30.3077
91.2308
96.3077
177.5385
182.6154
497.3846
619.2308
705.5385
781.6923
802
944.1538
939.0769
949.2308
949.2308
949.2308
949.2308
939.0769
934
989.8462
294.3077
263.8462
162.3077
152.1538
81.0769
50.6154
35.3846
25.2308
25.2308
25.2308
25.2308
20.1538
20.1538
20.1538
20.1538
20.1538
20.1538
20.1538
20.1538
20.1538
20.1538
20.1538
20.1538
20.1538
20.1538
20.1538
25.2308
25.2308
35.3846
101.3846
136.9231
345.0769
360.3077
573.5385
614.1538
791.8462
852.7692
898.4615
964.4615
959.3846
959.3846
959.3846
949.2308
949.2308
928.9231
928.9231
852.7692
746.1538
659.8462
461.8462
426.3077
177.5385
162.3077
86.1538
76
40.4615
25.2308
25.2308
30.3077
25.2308
20.1538
20.1538
20.1538
20.1538
20.1538
20.1538
30.3077
40.4615
45.5385
50.6154
45.5385
20.1538
20.1538
30.3077
30.3077
25.2308
20.1538
20.1538
20.1538
20.1538
20.1538
35.3846
136.9231
147.0769
279.0769
299.3846
685.2308
837.5385
862.9231
888.3077
893.3846
939.0769
939.0769
949.2308
949.2308
949.2308
949.2308
923.8462
918.7692
979.6923
294.3077
263.8462
136.9231
126.7692
70.9231
45.5385
35.3846
25.2308
25.2308
25.2308
25.2308
20.1538
20.1538
20.1538
20.1538
20.1538
20.1538
20.1538
20.1538
20.1538
20.1538
20.1538
20.1538
20.1538
20.1538
20.1538
25.2308
30.3077
45.5385
121.6923
152.1538
329.8462
345.0769
548.1538
583.6923
802
873.0769
908.6154
959.3846
959.3846
959.3846
959.3846
949.2308
949.2308
913.6923
913.6923
852.7692
766.4615
664.9231
441.5385
406
157.2308
142
76
65.8462
35.3846
25.2308
25.2308
30.3077
25.2308
20.1538
20.1538
20.1538
20.1538
20.1538
20.1538
30.3077
35.3846
40.4615
45.5385
40.4615
20.1538
20.1538
25.2308
25.2308
20.1538
20.1538
20.1538
20.1538
20.1538
25.2308
40.4615
157.2308
162.3077
284.1538
304.4615
664.9231
812.1538
847.6923
883.2308
888.3077
939.0769
939.0769
944.1538
944.1538
939.0769
934
918.7692
913.6923
974.6154
294.3077
258.7692
70.9231
50.6154
40.4615
40.4615
35.3846
25.2308
20.1538
20.1538
20.1538
20.1538
20.1538
20.1538
20.1538
20.1538
20.1538
20.1538
20.1538
20.1538
20.1538
20.1538
25.2308
25.2308
25.2308
25.2308
40.4615
55.6923
76
192.7692
208
289.2308
299.3846
487.2308
512.6154
837.5385
944.1538
944.1538
954.3077
954.3077
959.3846
959.3846
954.3077
954.3077
878.1538
873.0769
852.7692
827.3846
685.2308
380.6154
350.1538
101.3846
86.1538
40.4615
40.4615
30.3077
25.2308
20.1538
20.1538
20.1538
20.1538
20.1538
20.1538
20.1538
20.1538
20.1538
20.1538
20.1538
20.1538
25.2308
25.2308
20.1538
20.1538
20.1538
20.1538
20.1538
20.1538
20.1538
25.2308
30.3077
40.4615
55.6923
228.3077
233.3846
309.5385
324.7692
619.2308
741.0769
807.0769
868
878.1538
954.3077
944.1538
934
934
908.6154
898.4615
898.4615
898.4615
959.3846
294.3077
258.7692
70.9231
55.6923
45.5385
40.4615
35.3846
25.2308
20.1538
20.1538
20.1538
20.1538
20.1538
20.1538
25.2308
20.1538
20.1538
20.1538
20.1538
20.1538
20.1538
20.1538
25.2308
25.2308
25.2308
25.2308
40.4615
55.6923
81.0769
192.7692
208
289.2308
299.3846
487.2308
517.6923
832.4615
939.0769
944.1538
954.3077
954.3077
959.3846
959.3846
954.3077
954.3077
878.1538
873.0769
852.7692
822.3077
685.2308
385.6923
350.1538
106.4615
86.1538
40.4615
40.4615
30.3077
25.2308
20.1538
20.1538
20.1538
20.1538
20.1538
20.1538
20.1538
20.1538
20.1538
20.1538
20.1538
25.2308
25.2308
25.2308
20.1538
20.1538
20.1538
20.1538
20.1538
20.1538
20.1538
25.2308
25.2308
40.4615
55.6923
223.2308
228.3077
309.5385
324.7692
619.2308
741.0769
807.0769
868
878.1538
954.3077
944.1538
934
934
908.6154
898.4615
898.4615
898.4615
959.3846
126.7692
86.1538
45.5385
40.4615
30.3077
25.2308
25.2308
25.2308
25.2308
25.2308
25.2308
25.2308
25.2308
25.2308
25.2308
20.1538
20.1538
20.1538
20.1538
20.1538
20.1538
20.1538
20.1538
20.1538
25.2308
30.3077
40.4615
60.7692
70.9231
136.9231
172.4615
380.6154
406
751.2308
822.3077
883.2308
908.6154
928.9231
959.3846
959.3846
959.3846
959.3846
939.0769
939.0769
827.3846
817.2308
715.6923
563.3846
466.9231
238.4615
223.2308
76
65.8462
40.4615
40.4615
25.2308
20.1538
25.2308
30.3077
25.2308
20.1538
20.1538
20.1538
20.1538
20.1538
20.1538
30.3077
40.4615
30.3077
20.1538
20.1538
20.1538
20.1538
20.1538
20.1538
20.1538
20.1538
25.2308
30.3077
55.6923
136.9231
167.3846
436.4615
436.4615
482.1538
482.1538
761.3846
873.0769
888.3077
903.5385
903.5385
934
928.9231
898.4615
898.4615
913.6923
918.7692
913.6923
913.6923
974.6154
116.6154
76
45.5385
40.4615
30.3077
25.2308
25.2308
25.2308
25.2308
25.2308
25.2308
25.2308
25.2308
25.2308
25.2308
20.1538
20.1538
20.1538
20.1538
20.1538
20.1538
20.1538
20.1538
20.1538
25.2308
30.3077
45.5385
60.7692
70.9231
131.8462
172.4615
390.7692
411.0769
766.4615
842.6154
888.3077
903.5385
928.9231
959.3846
959.3846
959.3846
959.3846
939.0769
934
827.3846
812.1538
710.6154
548.1538
456.7692
233.3846
213.0769
76
65.8462
40.4615
40.4615
25.2308
20.1538
25.2308
30.3077
25.2308
20.1538
20.1538
20.1538
20.1538
20.1538
20.1538
30.3077
40.4615
30.3077
20.1538
20.1538
20.1538
20.1538
20.1538
20.1538
20.1538
20.1538
25.2308
30.3077
60.7692
142
172.4615
451.6923
451.6923
487.2308
492.3077
766.4615
883.2308
893.3846
903.5385
903.5385
934
923.8462
898.4615
898.4615
913.6923
918.7692
913.6923
913.6923
974.6154
116.6154
76
35.3846
35.3846
35.3846
35.3846
30.3077
30.3077
25.2308
20.1538
20.1538
25.2308
25.2308
20.1538
20.1538
20.1538
20.1538
20.1538
20.1538
20.1538
20.1538
20.1538
20.1538
20.1538
35.3846
45.5385
50.6154
60.7692
91.2308
238.4615
309.5385
690.3077
705.5385
817.2308
842.6154
913.6923
934
944.1538
959.3846
959.3846
954.3077
949.2308
888.3077
883.2308
812.1538
807.0769
629.3846
360.3077
314.6154
202.9231
187.6923
96.3077
86.1538
35.3846
30.3077
30.3077
30.3077
25.2308
25.2308
20.1538
20.1538
20.1538
20.1538
20.1538
20.1538
20.1538
25.2308
25.2308
25.2308
20.1538
20.1538
20.1538
20.1538
20.1538
20.1538
20.1538
20.1538
50.6154
70.9231
106.4615
213.0769
223.2308
329.8462
345.0769
624.3077
690.3077
832.4615
898.4615
878.1538
862.9231
873.0769
918.7692
913.6923
918.7692
918.7692
928.9231
934
903.5385
893.3846
959.3846
111.5385
76
30.3077
30.3077
35.3846
40.4615
35.3846
30.3077
25.2308
20.1538
20.1538
25.2308
25.2308
20.1538
20.1538
20.1538
20.1538
20.1538
20.1538
20.1538
20.1538
20.1538
20.1538
20.1538
40.4615
50.6154
55.6923
60.7692
96.3077
279.0769
365.3846
822.3077
832.4615
837.5385
837.5385
923.8462
949.2308
954.3077
959.3846
954.3077
949.2308
949.2308
868
857.8462
812.1538
807.0769
598.9231
279.0769
253.6923
187.6923
177.5385
101.3846
96.3077
35.3846
30.3077
35.3846
40.4615
30.3077
20.1538
20.1538
20.1538
20.1538
20.1538
20.1538
20.1538
20.1538
20.1538
20.1538
20.1538
20.1538
20.1538
20.1538
20.1538
20.1538
20.1538
20.1538
20.1538
60.7692
86.1538
126.7692
248.6154
248.6154
274
299.3846
685.2308
776.6154
862.9231
903.5385
873.0769
847.6923
857.8462
913.6923
913.6923
934
934
939.0769
939.0769
898.4615
888.3077
954.3077
167.3846
131.8462
50.6154
45.5385
40.4615
40.4615
35.3846
30.3077
30.3077
30.3077
30.3077
20.1538
20.1538
20.1538
20.1538
20.1538
20.1538
20.1538
25.2308
25.2308
20.1538
20.1538
35.3846
35.3846
50.6154
55.6923
76
91.2308
147.0769
436.4615
487.2308
786.7692
802
868
883.2308
934
949.2308
954.3077
954.3077
949.2308
923.8462
923.8462
898.4615
908.6154
654.7692
629.3846
487.2308
268.9231
228.3077
116.6154
111.5385
65.8462
60.7692
45.5385
40.4615
40.4615
40.4615
30.3077
25.2308
25.2308
20.1538
20.1538
20.1538
20.1538
20.1538
20.1538
20.1538
20.1538
20.1538
20.1538
20.1538
20.1538
20.1538
20.1538
20.1538
30.3077
40.4615
86.1538
116.6154
152.1538
258.7692
279.0769
487.2308
507.5385
751.2308
812.1538
847.6923
862.9231
868
878.1538
883.2308
934
934
939.0769
944.1538
934
934
888.3077
878.1538
949.2308
208
167.3846
65.8462
55.6923
40.4615
40.4615
35.3846
30.3077
35.3846
40.4615
40.4615
20.1538
20.1538
20.1538
20.1538
20.1538
20.1538
20.1538
25.2308
25.2308
20.1538
25.2308
45.5385
50.6154
55.6923
60.7692
86.1538
111.5385
182.6154
527.8462
558.3077
771.5385
781.6923
888.3077
908.6154
944.1538
954.3077
954.3077
954.3077
939.0769
913.6923
913.6923
918.7692
939.0769
568.4615
532.9231
426.3077
263.8462
208
76
76
40.4615
40.4615
50.6154
50.6154
40.4615
40.4615
35.3846
30.3077
25.2308
20.1538
20.1538
20.1538
20.1538
20.1538
20.1538
20.1538
20.1538
20.1538
20.1538
20.1538
20.1538
20.1538
20.1538
20.1538
40.4615
50.6154
106.4615
142
172.4615
263.8462
299.3846
614.1538
629.3846
796.9231
837.5385
837.5385
837.5385
868
898.4615
903.5385
949.2308
949.2308
949.2308
949.2308
928.9231
928.9231
883.2308
873.0769
944.1538
187.6923
147.0769
70.9231
70.9231
45.5385
40.4615
35.3846
30.3077
30.3077
35.3846
35.3846
20.1538
20.1538
20.1538
20.1538
20.1538
20.1538
20.1538
25.2308
25.2308
20.1538
25.2308
45.5385
50.6154
65.8462
70.9231
111.5385
142
218.1538
583.6923
614.1538
807.0769
812.1538
898.4615
913.6923
944.1538
954.3077
949.2308
949.2308
939.0769
918.7692
918.7692
868
873.0769
563.3846
532.9231
436.4615
289.2308
228.3077
81.0769
81.0769
50.6154
50.6154
50.6154
50.6154
40.4615
40.4615
35.3846
30.3077
25.2308
20.1538
20.1538
20.1538
20.1538
20.1538
20.1538
20.1538
20.1538
20.1538
20.1538
20.1538
25.2308
25.2308
25.2308
20.1538
40.4615
50.6154
96.3077
126.7692
162.3077
263.8462
299.3846
588.7692
598.9231
786.7692
837.5385
847.6923
852.7692
883.2308
908.6154
913.6923
949.2308
949.2308
949.2308
949.2308
928.9231
928.9231
868
852.7692
928.9231
136.9231
96.3077
106.4615
106.4615
60.7692
40.4615
35.3846
25.2308
20.1538
20.1538
20.1538
20.1538
20.1538
20.1538
20.1538
20.1538
20.1538
20.1538
20.1538
20.1538
30.3077
30.3077
50.6154
55.6923
91.2308
106.4615
172.4615
238.4615
329.8462
771.5385
781.6923
908.6154
913.6923
928.9231
934
949.2308
954.3077
944.1538
934
934
928.9231
923.8462
705.5385
675.0769
548.1538
532.9231
466.9231
370.4615
279.0769
91.2308
96.3077
76
76
60.7692
55.6923
45.5385
40.4615
35.3846
30.3077
25.2308
20.1538
20.1538
20.1538
20.1538
20.1538
20.1538
20.1538
20.1538
20.1538
20.1538
20.1538
40.4615
40.4615
30.3077
30.3077
40.4615
40.4615
70.9231
96.3077
131.8462
258.7692
284.1538
497.3846
512.6154
766.4615
832.4615
878.1538
898.4615
923.8462
944.1538
944.1538
949.2308
949.2308
949.2308
949.2308
928.9231
928.9231
817.2308
786.7692
873.0769
136.9231
96.3077
101.3846
101.3846
60.7692
40.4615
35.3846
25.2308
20.1538
20.1538
20.1538
20.1538
20.1538
20.1538
20.1538
20.1538
20.1538
20.1538
20.1538
25.2308
35.3846
35.3846
65.8462
65.8462
121.6923
142
223.2308
299.3846
380.6154
786.7692
796.9231
908.6154
913.6923
928.9231
934
944.1538
949.2308
944.1538
934
928.9231
918.7692
918.7692
725.8462
700.4615
573.5385
563.3846
482.1538
370.4615
284.1538
101.3846
101.3846
86.1538
86.1538
55.6923
55.6923
45.5385
40.4615
35.3846
30.3077
25.2308
20.1538
20.1538
20.1538
20.1538
20.1538
20.1538
20.1538
20.1538
20.1538
20.1538
25.2308
40.4615
40.4615
35.3846
35.3846
45.5385
55.6923
91.2308
111.5385
157.2308
294.3077
314.6154
538
553.2308
781.6923
837.5385
883.2308
903.5385
923.8462
944.1538
944.1538
949.2308
949.2308
949.2308
949.2308
923.8462
918.7692
796.9231
766.4615
857.8462
152.1538
111.5385
81.0769
76
55.6923
40.4615
35.3846
25.2308
20.1538
20.1538
20.1538
20.1538
20.1538
20.1538
20.1538
20.1538
20.1538
25.2308
30.3077
30.3077
50.6154
55.6923
172.4615
192.7692
355.2308
421.2308
604
786.7692
807.0769
928.9231
923.8462
913.6923
913.6923
954.3077
959.3846
944.1538
939.0769
949.2308
959.3846
934
873.0769
878.1538
862.9231
862.9231
796.9231
791.8462
639.5385
411.0769
329.8462
157.2308
157.2308
152.1538
152.1538
60.7692
55.6923
45.5385
40.4615
35.3846
30.3077
25.2308
20.1538
20.1538
30.3077
30.3077
20.1538
20.1538
20.1538
20.1538
25.2308
30.3077
30.3077
65.8462
65.8462
86.1538
86.1538
136.9231
167.3846
208
233.3846
309.5385
543.0769
568.4615
837.5385
842.6154
873.0769
883.2308
908.6154
923.8462
939.0769
954.3077
949.2308
944.1538
944.1538
954.3077
954.3077
857.8462
832.4615
654.7692
604
736
152.1538
111.5385
81.0769
76
50.6154
40.4615
35.3846
25.2308
20.1538
20.1538
20.1538
20.1538
20.1538
20.1538
20.1538
20.1538
20.1538
25.2308
30.3077
30.3077
50.6154
60.7692
182.6154
202.9231
375.5385
446.6154
634.4615
817.2308
832.4615
939.0769
934
913.6923
918.7692
954.3077
959.3846
944.1538
939.0769
949.2308
959.3846
939.0769
873.0769
873.0769
868
868
807.0769
802
644.6154
406
329.8462
157.2308
162.3077
152.1538
152.1538
60.7692
55.6923
45.5385
40.4615
35.3846
30.3077
25.2308
20.1538
20.1538
30.3077
30.3077
20.1538
20.1538
20.1538
20.1538
25.2308
30.3077
30.3077
65.8462
65.8462
86.1538
86.1538
136.9231
172.4615
213.0769
243.5385
324.7692
558.3077
583.6923
852.7692
857.8462
878.1538
888.3077
913.6923
928.9231
939.0769
954.3077
949.2308
944.1538
944.1538
949.2308
954.3077
852.7692
822.3077
644.6154
593.8462
730.9231
101.3846
60.7692
50.6154
45.5385
35.3846
30.3077
25.2308
20.1538
20.1538
20.1538
25.2308
20.1538
20.1538
20.1538
20.1538
20.1538
20.1538
25.2308
25.2308
30.3077
55.6923
76
324.7692
370.4615
629.3846
736
827.3846
918.7692
918.7692
939.0769
939.0769
944.1538
944.1538
954.3077
954.3077
954.3077
954.3077
954.3077
949.2308
939.0769
903.5385
903.5385
786.7692
761.3846
751.2308
751.2308
568.4615
289.2308
238.4615
111.5385
106.4615
86.1538
81.0769
35.3846
30.3077
35.3846
40.4615
40.4615
35.3846
30.3077
20.1538
20.1538
20.1538
20.1538
25.2308
25.2308
30.3077
35.3846
35.3846
40.4615
40.4615
45.5385
45.5385
40.4615
40.4615
116.6154
162.3077
253.6923
319.6923
406
649.6923
670
893.3846
893.3846
903.5385
903.5385
928.9231
939.0769
944.1538
949.2308
949.2308
949.2308
939.0769
898.4615
898.4615
791.8462
761.3846
644.6154
609.0769
741.0769
96.3077
50.6154
40.4615
40.4615
30.3077
30.3077
25.2308
20.1538
20.1538
25.2308
25.2308
20.1538
20.1538
20.1538
20.1538
20.1538
20.1538
20.1538
25.2308
25.2308
55.6923
76
355.2308
411.0769
690.3077
807.0769
878.1538
944.1538
939.0769
939.0769
939.0769
954.3077
954.3077
954.3077
954.3077
959.3846
959.3846
954.3077
949.2308
939.0769
913.6923
913.6923
761.3846
741.0769
741.0769
741.0769
553.2308
263.8462
218.1538
101.3846
96.3077
65.8462
60.7692
25.2308
25.2308
35.3846
40.4615
40.4615
40.4615
30.3077
20.1538
20.1538
20.1538
20.1538
25.2308
25.2308
30.3077
40.4615
40.4615
40.4615
40.4615
40.4615
40.4615
30.3077
30.3077
106.4615
157.2308
263.8462
340
426.3077
670
690.3077
898.4615
903.5385
908.6154
913.6923
934
944.1538
944.1538
944.1538
944.1538
954.3077
944.1538
883.2308
888.3077
776.6154
751.2308
644.6154
619.2308
746.1538
106.4615
65.8462
50.6154
50.6154
35.3846
25.2308
20.1538
20.1538
20.1538
20.1538
20.1538
20.1538
20.1538
20.1538
20.1538
20.1538
20.1538
45.5385
60.7692
70.9231
263.8462
279.0769
614.1538
675.0769
827.3846
893.3846
898.4615
903.5385
913.6923
944.1538
944.1538
954.3077
954.3077
954.3077
959.3846
949.2308
949.2308
939.0769
928.9231
908.6154
847.6923
852.7692
675.0769
649.6923
583.6923
583.6923
416.1538
162.3077
131.8462
55.6923
55.6923
35.3846
35.3846
45.5385
50.6154
45.5385
45.5385
35.3846
30.3077
25.2308
20.1538
20.1538
20.1538
20.1538
45.5385
50.6154
50.6154
50.6154
40.4615
35.3846
35.3846
40.4615
40.4615
45.5385
40.4615
167.3846
253.6923
299.3846
334.9231
446.6154
771.5385
781.6923
908.6154
908.6154
928.9231
934
944.1538
949.2308
954.3077
949.2308
949.2308
944.1538
934
868
873.0769
736
695.3846
649.6923
634.4615
761.3846
111.5385
76
55.6923
55.6923
35.3846
25.2308
20.1538
20.1538
20.1538
20.1538
20.1538
20.1538
20.1538
20.1538
20.1538
25.2308
25.2308
55.6923
76
96.3077
360.3077
375.5385
725.8462
802
893.3846
934
908.6154
888.3077
898.4615
944.1538
944.1538
954.3077
954.3077
959.3846
959.3846
949.2308
944.1538
934
918.7692
893.3846
822.3077
822.3077
639.5385
609.0769
517.6923
512.6154
355.2308
121.6923
101.3846
40.4615
40.4615
25.2308
25.2308
60.7692
60.7692
50.6154
50.6154
35.3846
25.2308
25.2308
20.1538
20.1538
20.1538
20.1538
55.6923
60.7692
60.7692
60.7692
45.5385
30.3077
30.3077
40.4615
40.4615
50.6154
50.6154
197.8462
299.3846
319.6923
334.9231
461.8462
822.3077
827.3846
913.6923
913.6923
939.0769
944.1538
949.2308
954.3077
954.3077
954.3077
954.3077
944.1538
928.9231
868
868
720.7692
675.0769
649.6923
639.5385
766.4615
116.6154
76
50.6154
45.5385
30.3077
25.2308
25.2308
20.1538
20.1538
20.1538
20.1538
20.1538
20.1538
20.1538
20.1538
25.2308
30.3077
86.1538
121.6923
142
385.6923
400.9231
746.1538
817.2308
883.2308
913.6923
903.5385
898.4615
908.6154
944.1538
944.1538
954.3077
954.3077
954.3077
959.3846
949.2308
949.2308
928.9231
913.6923
893.3846
827.3846
827.3846
659.8462
639.5385
487.2308
472
329.8462
111.5385
91.2308
40.4615
40.4615
25.2308
25.2308
60.7692
60.7692
45.5385
45.5385
35.3846
25.2308
20.1538
20.1538
20.1538
25.2308
25.2308
50.6154
55.6923
50.6154
50.6154
45.5385
30.3077
35.3846
40.4615
40.4615
65.8462
65.8462
218.1538
319.6923
370.4615
400.9231
512.6154
827.3846
832.4615
918.7692
918.7692
939.0769
949.2308
954.3077
954.3077
954.3077
954.3077
949.2308
939.0769
928.9231
857.8462
857.8462
736
700.4615
624.3077
604
741.0769
116.6154
76
30.3077
30.3077
25.2308
25.2308
25.2308
25.2308
25.2308
25.2308
25.2308
20.1538
20.1538
20.1538
20.1538
45.5385
60.7692
208
324.7692
329.8462
502.4615
517.6923
832.4615
898.4615
852.7692
827.3846
888.3077
954.3077
949.2308
949.2308
949.2308
949.2308
949.2308
949.2308
949.2308
959.3846
959.3846
934
898.4615
883.2308
847.6923
852.7692
771.5385
776.6154
350.1538
304.4615
213.0769
76
65.8462
40.4615
40.4615
30.3077
30.3077
60.7692
60.7692
35.3846
30.3077
20.1538
20.1538
20.1538
20.1538
20.1538
40.4615
40.4615
40.4615
40.4615
35.3846
30.3077
35.3846
40.4615
40.4615
50.6154
50.6154
142
136.9231
304.4615
406
588.7692
710.6154
751.2308
852.7692
857.8462
934
934
954.3077
959.3846
954.3077
954.3077
954.3077
954.3077
949.2308
923.8462
908.6154
822.3077
822.3077
812.1538
817.2308
532.9231
451.6923
624.3077
116.6154
76
35.3846
30.3077
25.2308
25.2308
25.2308
25.2308
25.2308
25.2308
25.2308
20.1538
20.1538
20.1538
20.1538
45.5385
55.6923
202.9231
314.6154
319.6923
502.4615
517.6923
827.3846
898.4615
852.7692
832.4615
888.3077
949.2308
949.2308
949.2308
949.2308
949.2308
949.2308
949.2308
949.2308
959.3846
959.3846
934
898.4615
883.2308
847.6923
847.6923
761.3846
766.4615
355.2308
304.4615
218.1538
76
65.8462
40.4615
40.4615
30.3077
30.3077
55.6923
60.7692
35.3846
30.3077
25.2308
20.1538
20.1538
20.1538
20.1538
40.4615
40.4615
40.4615
40.4615
35.3846
30.3077
35.3846
40.4615
45.5385
55.6923
55.6923
142
136.9231
299.3846
400.9231
583.6923
705.5385
746.1538
852.7692
857.8462
934
934
954.3077
959.3846
954.3077
954.3077
954.3077
954.3077
949.2308
923.8462
908.6154
827.3846
822.3077
802
807.0769
527.8462
451.6923
624.3077
91.2308
40.4615
40.4615
40.4615
35.3846
30.3077
30.3077
30.3077
25.2308
20.1538
20.1538
20.1538
20.1538
45.5385
50.6154
50.6154
55.6923
197.8462
304.4615
324.7692
705.5385
705.5385
852.7692
883.2308
898.4615
903.5385
928.9231
944.1538
939.0769
923.8462
923.8462
949.2308
949.2308
949.2308
954.3077
949.2308
949.2308
913.6923
868
862.9231
847.6923
842.6154
710.6154
710.6154
263.8462
218.1538
147.0769
55.6923
50.6154
30.3077
30.3077
25.2308
25.2308
30.3077
25.2308
20.1538
20.1538
25.2308
25.2308
25.2308
30.3077
25.2308
65.8462
70.9231
25.2308
25.2308
30.3077
40.4615
70.9231
111.5385
111.5385
182.6154
182.6154
208
202.9231
334.9231
416.1538
695.3846
883.2308
893.3846
923.8462
923.8462
954.3077
949.2308
959.3846
959.3846
959.3846
959.3846
954.3077
944.1538
939.0769
913.6923
908.6154
878.1538
888.3077
649.6923
588.7692
385.6923
329.8462
532.9231
91.2308
45.5385
40.4615
40.4615
35.3846
30.3077
30.3077
30.3077
25.2308
20.1538
20.1538
20.1538
20.1538
45.5385
50.6154
65.8462
70.9231
213.0769
324.7692
350.1538
725.8462
725.8462
857.8462
883.2308
903.5385
913.6923
928.9231
944.1538
934
918.7692
923.8462
949.2308
949.2308
949.2308
954.3077
944.1538
944.1538
908.6154
868
852.7692
822.3077
817.2308
680.1538
675.0769
248.6154
202.9231
142
50.6154
45.5385
30.3077
30.3077
25.2308
25.2308
25.2308
20.1538
20.1538
20.1538
20.1538
25.2308
25.2308
30.3077
30.3077
65.8462
70.9231
25.2308
20.1538
35.3846
40.4615
81.0769
121.6923
126.7692
197.8462
197.8462
223.2308
223.2308
355.2308
436.4615
710.6154
898.4615
903.5385
928.9231
928.9231
954.3077
954.3077
959.3846
959.3846
959.3846
959.3846
949.2308
939.0769
934
908.6154
898.4615
873.0769
883.2308
629.3846
563.3846
370.4615
319.6923
522.7692
162.3077
126.7692
65.8462
60.7692
45.5385
40.4615
30.3077
25.2308
25.2308
20.1538
20.1538
25.2308
25.2308
45.5385
45.5385
243.5385
345.0769
502.4615
624.3077
634.4615
878.1538
873.0769
923.8462
928.9231
939.0769
944.1538
944.1538
944.1538
934
913.6923
923.8462
959.3846
959.3846
949.2308
944.1538
918.7692
908.6154
868
827.3846
725.8462
441.5385
446.6154
279.0769
253.6923
111.5385
91.2308
65.8462
20.1538
20.1538
25.2308
25.2308
25.2308
25.2308
20.1538
20.1538
20.1538
20.1538
20.1538
25.2308
25.2308
25.2308
25.2308
20.1538
20.1538
30.3077
30.3077
50.6154
76
152.1538
228.3077
228.3077
299.3846
299.3846
421.2308
416.1538
573.5385
670
817.2308
913.6923
908.6154
903.5385
908.6154
949.2308
949.2308
954.3077
954.3077
939.0769
934
893.3846
862.9231
857.8462
847.6923
837.5385
761.3846
771.5385
487.2308
406
329.8462
309.5385
522.7692
167.3846
126.7692
65.8462
60.7692
45.5385
40.4615
35.3846
25.2308
20.1538
20.1538
20.1538
25.2308
25.2308
40.4615
45.5385
248.6154
360.3077
517.6923
634.4615
649.6923
888.3077
883.2308
923.8462
934
939.0769
944.1538
944.1538
944.1538
934
913.6923
923.8462
959.3846
959.3846
949.2308
944.1538
913.6923
903.5385
873.0769
832.4615
725.8462
426.3077
431.3846
258.7692
233.3846
101.3846
86.1538
60.7692
20.1538
20.1538
25.2308
25.2308
25.2308
25.2308
20.1538
20.1538
20.1538
20.1538
20.1538
25.2308
25.2308
25.2308
25.2308
20.1538
20.1538
30.3077
30.3077
55.6923
76
157.2308
233.3846
238.4615
304.4615
304.4615
426.3077
421.2308
583.6923
680.1538
822.3077
913.6923
908.6154
903.5385
908.6154
949.2308
949.2308
954.3077
954.3077
939.0769
934
888.3077
857.8462
857.8462
847.6923
837.5385
756.3077
771.5385
482.1538
395.8462
329.8462
314.6154
522.7692
177.5385
131.8462
55.6923
50.6154
40.4615
40.4615
35.3846
25.2308
25.2308
25.2308
25.2308
35.3846
40.4615
111.5385
116.6154
360.3077
492.3077
680.1538
817.2308
822.3077
868
873.0769
928.9231
939.0769
944.1538
944.1538
934
918.7692
923.8462
949.2308
949.2308
939.0769
939.0769
934
934
888.3077
878.1538
736
573.5385
517.6923
360.3077
365.3846
142
111.5385
50.6154
40.4615
30.3077
20.1538
20.1538
20.1538
20.1538
20.1538
20.1538
20.1538
20.1538
20.1538
20.1538
20.1538
25.2308
25.2308
25.2308
25.2308
25.2308
25.2308
35.3846
35.3846
55.6923
70.9231
172.4615
268.9231
274
340
345.0769
543.0769
538
710.6154
817.2308
873.0769
913.6923
908.6154
893.3846
898.4615
949.2308
949.2308
949.2308
949.2308
928.9231
918.7692
888.3077
862.9231
847.6923
776.6154
761.3846
644.6154
649.6923
477.0769
431.3846
258.7692
208
441.5385
177.5385
142
55.6923
50.6154
40.4615
40.4615
35.3846
25.2308
25.2308
30.3077
30.3077
40.4615
45.5385
131.8462
142
395.8462
538
725.8462
873.0769
873.0769
862.9231
868
928.9231
944.1538
944.1538
944.1538
928.9231
913.6923
918.7692
959.3846
954.3077
939.0769
939.0769
934
934
878.1538
868
700.4615
492.3077
456.7692
350.1538
350.1538
111.5385
76
30.3077
25.2308
20.1538
20.1538
20.1538
20.1538
20.1538
20.1538
20.1538
20.1538
20.1538
20.1538
20.1538
20.1538
25.2308
25.2308
25.2308
25.2308
30.3077
30.3077
40.4615
40.4615
55.6923
70.9231
177.5385
279.0769
284.1538
350.1538
360.3077
578.6154
573.5385
751.2308
862.9231
893.3846
913.6923
908.6154
888.3077
893.3846
954.3077
954.3077
949.2308
949.2308
923.8462
913.6923
888.3077
862.9231
847.6923
756.3077
736
609.0769
609.0769
477.0769
446.6154
238.4615
177.5385
421.2308
197.8462
157.2308
65.8462
55.6923
45.5385
40.4615
35.3846
25.2308
30.3077
45.5385
45.5385
65.8462
76
238.4615
258.7692
492.3077
624.3077
766.4615
883.2308
883.2308
883.2308
883.2308
934
944.1538
928.9231
923.8462
923.8462
928.9231
928.9231
949.2308
939.0769
913.6923
908.6154
903.5385
903.5385
852.7692
842.6154
634.4615
375.5385
345.0769
243.5385
243.5385
96.3077
76
30.3077
20.1538
20.1538
20.1538
20.1538
20.1538
20.1538
20.1538
20.1538
20.1538
20.1538
20.1538
20.1538
20.1538
25.2308
25.2308
35.3846
30.3077
40.4615
40.4615
55.6923
55.6923
91.2308
136.9231
233.3846
319.6923
334.9231
512.6154
517.6923
680.1538
675.0769
791.8462
868
893.3846
908.6154
903.5385
903.5385
908.6154
954.3077
949.2308
923.8462
918.7692
913.6923
913.6923
883.2308
857.8462
837.5385
751.2308
720.7692
548.1538
548.1538
385.6923
340
177.5385
131.8462
385.6923
223.2308
182.6154
76
65.8462
50.6154
40.4615
35.3846
25.2308
35.3846
60.7692
65.8462
101.3846
116.6154
360.3077
395.8462
609.0769
730.9231
817.2308
888.3077
888.3077
903.5385
908.6154
939.0769
944.1538
918.7692
903.5385
923.8462
944.1538
939.0769
934
923.8462
883.2308
883.2308
868
868
827.3846
817.2308
553.2308
233.3846
208
126.7692
131.8462
81.0769
76
30.3077
20.1538
20.1538
20.1538
20.1538
20.1538
20.1538
20.1538
20.1538
20.1538
20.1538
20.1538
20.1538
20.1538
25.2308
30.3077
40.4615
40.4615
50.6154
55.6923
76
76
142
218.1538
299.3846
370.4615
395.8462
705.5385
710.6154
802
796.9231
842.6154
873.0769
888.3077
903.5385
908.6154
918.7692
923.8462
949.2308
944.1538
898.4615
888.3077
903.5385
913.6923
873.0769
847.6923
832.4615
741.0769
705.5385
482.1538
482.1538
279.0769
218.1538
106.4615
76
345.0769
218.1538
177.5385
70.9231
60.7692
45.5385
40.4615
35.3846
30.3077
35.3846
60.7692
65.8462
111.5385
126.7692
365.3846
395.8462
614.1538
736
817.2308
883.2308
883.2308
903.5385
903.5385
934
939.0769
913.6923
903.5385
923.8462
939.0769
939.0769
928.9231
918.7692
878.1538
878.1538
862.9231
862.9231
781.6923
766.4615
522.7692
228.3077
202.9231
121.6923
126.7692
76
70.9231
30.3077
20.1538
20.1538
20.1538
20.1538
20.1538
20.1538
20.1538
20.1538
20.1538
20.1538
20.1538
20.1538
20.1538
25.2308
30.3077
40.4615
40.4615
55.6923
60.7692
76
81.0769
147.0769
223.2308
304.4615
380.6154
400.9231
700.4615
710.6154
802
796.9231
842.6154
873.0769
888.3077
903.5385
903.5385
913.6923
918.7692
944.1538
944.1538
903.5385
893.3846
898.4615
908.6154
873.0769
842.6154
822.3077
736
700.4615
472
477.0769
274
213.0769
106.4615
76
345.0769
182.6154
142
55.6923
50.6154
40.4615
40.4615
50.6154
60.7692
65.8462
81.0769
96.3077
233.3846
248.6154
421.2308
436.4615
680.1538
822.3077
817.2308
817.2308
822.3077
918.7692
913.6923
913.6923
913.6923
903.5385
898.4615
908.6154
913.6923
913.6923
913.6923
898.4615
842.6154
837.5385
781.6923
781.6923
365.3846
228.3077
187.6923
131.8462
116.6154
81.0769
81.0769
40.4615
35.3846
25.2308
20.1538
20.1538
20.1538
20.1538
20.1538
20.1538
20.1538
20.1538
20.1538
20.1538
20.1538
25.2308
25.2308
25.2308
30.3077
50.6154
45.5385
106.4615
111.5385
121.6923
121.6923
213.0769
319.6923
406
492.3077
507.5385
700.4615
705.5385
847.6923
842.6154
862.9231
873.0769
893.3846
898.4615
888.3077
868
873.0769
918.7692
918.7692
918.7692
918.7692
883.2308
873.0769
832.4615
807.0769
791.8462
725.8462
675.0769
406
400.9231
208
152.1538
96.3077
81.0769
350.1538
177.5385
136.9231
55.6923
50.6154
40.4615
40.4615
50.6154
60.7692
70.9231
86.1538
101.3846
248.6154
258.7692
426.3077
446.6154
690.3077
827.3846
822.3077
817.2308
822.3077
918.7692
913.6923
913.6923
913.6923
903.5385
893.3846
903.5385
913.6923
908.6154
908.6154
893.3846
837.5385
832.4615
746.1538
746.1538
324.7692
192.7692
162.3077
126.7692
111.5385
76
76
35.3846
30.3077
25.2308
20.1538
20.1538
20.1538
20.1538
20.1538
20.1538
20.1538
20.1538
20.1538
20.1538
20.1538
25.2308
25.2308
25.2308
35.3846
55.6923
50.6154
111.5385
111.5385
126.7692
126.7692
223.2308
329.8462
421.2308
507.5385
522.7692
705.5385
710.6154
847.6923
847.6923
857.8462
868
883.2308
893.3846
883.2308
862.9231
873.0769
918.7692
918.7692
918.7692
918.7692
873.0769
862.9231
817.2308
786.7692
771.5385
700.4615
649.6923
390.7692
385.6923
197.8462
147.0769
96.3077
86.1538
350.1538
116.6154
70.9231
50.6154
50.6154
60.7692
65.8462
76
86.1538
111.5385
182.6154
192.7692
340
350.1538
512.6154
527.8462
715.6923
827.3846
862.9231
888.3077
893.3846
913.6923
913.6923
903.5385
903.5385
873.0769
862.9231
873.0769
883.2308
873.0769
832.4615
832.4615
837.5385
817.2308
385.6923
294.3077
162.3077
121.6923
111.5385
106.4615
106.4615
101.3846
101.3846
40.4615
30.3077
25.2308
25.2308
25.2308
25.2308
25.2308
25.2308
25.2308
25.2308
25.2308
25.2308
25.2308
25.2308
25.2308
40.4615
60.7692
76
116.6154
111.5385
147.0769
147.0769
187.6923
187.6923
284.1538
390.7692
538
675.0769
685.2308
827.3846
822.3077
842.6154
842.6154
822.3077
817.2308
822.3077
822.3077
837.5385
883.2308
883.2308
888.3077
888.3077
873.0769
873.0769
766.4615
725.8462
649.6923
578.6154
543.0769
355.2308
345.0769
213.0769
213.0769
121.6923
91.2308
101.3846
111.5385
365.3846
96.3077
50.6154
30.3077
30.3077
35.3846
40.4615
50.6154
60.7692
81.0769
147.0769
157.2308
309.5385
319.6923
487.2308
502.4615
700.4615
812.1538
852.7692
878.1538
883.2308
908.6154
903.5385
893.3846
893.3846
868
852.7692
862.9231
873.0769
862.9231
827.3846
827.3846
827.3846
802
370.4615
279.0769
136.9231
91.2308
81.0769
70.9231
70.9231
70.9231
65.8462
25.2308
15.0769
10
15.0769
15.0769
15.0769
15.0769
15.0769
15.0769
15.0769
15.0769
15.0769
15.0769
15.0769
15.0769
20.1538
35.3846
50.6154
81.0769
81.0769
111.5385
111.5385
147.0769
152.1538
253.6923
360.3077
512.6154
649.6923
659.8462
807.0769
812.1538
832.4615
832.4615
812.1538
802
812.1538
817.2308
827.3846
873.0769
873.0769
878.1538
873.0769
862.9231
868
756.3077
715.6923
634.4615
568.4615
532.9231
345.0769
324.7692
187.6923
187.6923
91.2308
65.8462
70.9231
76
345.0769
/
COPY
 'PERMX' 'PERMY'  1 100 1 99 1 1 /
 'PERMX' 'PERMZ'  1 100 1 99 1 1 /
/
